0.000000000000000000e+00
1.405000000000000138e-01
3.859000000000000208e-01
5.350000000000000311e-01
6.006000000000000227e-01
6.536999999999999478e-01
6.884000000000000119e-01
7.176000000000000156e-01
7.163000000000000478e-01
7.340999999999999748e-01
7.416000000000000369e-01
7.368999999999999995e-01
7.398000000000000131e-01
7.523999999999999577e-01
7.591999999999999860e-01
7.519000000000000128e-01
7.567000000000000393e-01
7.630000000000000115e-01
7.620999999999999996e-01
7.620999999999999996e-01
7.630000000000000115e-01
