0.000000000000000000e+00
2.207000000000000073e-01
3.069999999999999951e-01
1.126999999999999946e-01
9.740000000000000047e-02
9.740000000000000047e-02
9.740000000000000047e-02
9.740000000000000047e-02
9.740000000000000047e-02
9.800000000000000377e-02
1.009000000000000036e-01
9.800000000000000377e-02
9.800000000000000377e-02
9.800000000000000377e-02
9.800000000000000377e-02
9.800000000000000377e-02
1.135000000000000037e-01
1.135000000000000037e-01
1.135000000000000037e-01
1.135000000000000037e-01
1.135000000000000037e-01
