0.000000000000000000e+00
1.210999999999999993e-01
1.622000000000000108e-01
1.612999999999999989e-01
1.371999999999999886e-01
1.703999999999999959e-01
1.622999999999999998e-01
2.212999999999999967e-01
2.595000000000000084e-01
2.757999999999999896e-01
2.733999999999999764e-01
2.980999999999999761e-01
2.923000000000000043e-01
2.844999999999999751e-01
2.943000000000000060e-01
3.115999999999999881e-01
3.135000000000000009e-01
3.019000000000000017e-01
2.997000000000000219e-01
3.230999999999999983e-01
3.191999999999999837e-01
