0.000000000000000000e+00
1.320999999999999952e-01
3.644999999999999907e-01
4.743999999999999884e-01
4.486999999999999877e-01
6.180999999999999828e-01
6.432999999999999829e-01
7.013000000000000345e-01
7.107999999999999874e-01
7.227999999999999980e-01
7.249999999999999778e-01
7.147000000000000020e-01
7.278999999999999915e-01
7.409000000000000030e-01
7.457000000000000295e-01
7.380999999999999783e-01
7.445000000000000506e-01
7.517000000000000348e-01
7.382999999999999563e-01
7.488000000000000211e-01
7.542999999999999705e-01
