0.000000000000000000e+00
7.441999999999999726e-01
8.793999999999999595e-01
8.991999999999999993e-01
9.044999999999999707e-01
9.096999999999999531e-01
9.153000000000000025e-01
9.173999999999999932e-01
9.201000000000000290e-01
9.219000000000000528e-01
9.235999999999999766e-01
9.242000000000000215e-01
9.264999999999999902e-01
9.262000000000000233e-01
9.298999999999999488e-01
9.294000000000000039e-01
9.308999999999999497e-01
9.318999999999999506e-01
9.328999999999999515e-01
9.336999999999999744e-01
9.352000000000000313e-01
