0.000000000000000000e+00
8.611999999999999655e-01
9.231000000000000316e-01
9.475999999999999979e-01
9.576999999999999957e-01
9.606000000000000094e-01
9.638999999999999790e-01
9.658999999999999808e-01
9.640999999999999570e-01
9.582000000000000517e-01
9.720999999999999641e-01
9.724000000000000421e-01
9.736000000000000210e-01
9.746000000000000218e-01
9.768999999999999906e-01
9.767000000000000126e-01
9.772999999999999465e-01
9.754000000000000448e-01
9.775000000000000355e-01
9.794000000000000483e-01
9.796000000000000263e-01
