1.000000000000000056e-01
1.265000000000000013e-01
3.655999999999999805e-01
3.305000000000000160e-01
5.111999999999999877e-01
5.732000000000000428e-01
6.268000000000000238e-01
5.895000000000000240e-01
6.987999999999999767e-01
6.865999999999999881e-01
7.006000000000000005e-01
7.491999999999999771e-01
7.378000000000000114e-01
6.753000000000000114e-01
7.022000000000000464e-01
7.129999999999999671e-01
6.753000000000000114e-01
7.500000000000000000e-01
7.624999999999999556e-01
7.854999999999999760e-01
7.237000000000000099e-01
