1.000000000000000056e-01
1.098999999999999977e-01
2.852000000000000091e-01
1.335999999999999965e-01
2.270000000000000073e-01
3.569999999999999840e-01
5.349000000000000421e-01
5.684000000000000163e-01
6.249000000000000110e-01
6.145000000000000462e-01
6.193999999999999506e-01
6.491999999999999993e-01
6.176000000000000378e-01
6.731000000000000316e-01
6.378000000000000336e-01
6.582999999999999963e-01
7.036999999999999922e-01
6.700000000000000400e-01
7.282999999999999474e-01
7.527000000000000357e-01
6.865999999999999881e-01
