1.000000000000000056e-01
9.679999999999999716e-02
9.800000000000000377e-02
1.423999999999999988e-01
1.078000000000000069e-01
1.413999999999999979e-01
2.179999999999999993e-01
1.013000000000000012e-01
1.107000000000000067e-01
9.969999999999999696e-02
9.829999999999999849e-02
2.081000000000000072e-01
1.159000000000000030e-01
1.088999999999999968e-01
1.087000000000000050e-01
1.171999999999999986e-01
2.094000000000000028e-01
1.459000000000000019e-01
1.107000000000000067e-01
2.268000000000000016e-01
1.507999999999999896e-01
