1.000000000000000056e-01
1.463000000000000134e-01
1.006999999999999978e-01
2.474999999999999978e-01
3.251000000000000001e-01
2.723999999999999755e-01
2.738999999999999768e-01
4.556999999999999940e-01
5.272000000000000020e-01
5.508999999999999453e-01
4.863999999999999990e-01
5.467999999999999527e-01
5.187000000000000499e-01
5.890999999999999570e-01
6.425999999999999490e-01
6.477000000000000535e-01
6.919999999999999485e-01
6.816999999999999726e-01
7.056000000000000050e-01
5.973000000000000531e-01
6.299000000000000155e-01
