1.000000000000000056e-01
1.874000000000000110e-01
1.792999999999999872e-01
3.713000000000000189e-01
4.546000000000000041e-01
3.894000000000000239e-01
3.916000000000000036e-01
3.643000000000000127e-01
5.695000000000000062e-01
6.360000000000000098e-01
5.917000000000000037e-01
5.983000000000000540e-01
5.467999999999999527e-01
6.190999999999999837e-01
6.941000000000000503e-01
7.357000000000000206e-01
6.742000000000000215e-01
6.582000000000000073e-01
7.482999999999999652e-01
7.946999999999999620e-01
7.738000000000000433e-01
