1.000000000000000056e-01
1.103999999999999981e-01
2.720000000000000195e-01
3.781999999999999806e-01
3.655999999999999805e-01
3.068000000000000171e-01
4.853000000000000091e-01
4.689999999999999725e-01
5.816000000000000059e-01
4.864999999999999880e-01
6.343999999999999639e-01
5.719999999999999529e-01
6.049999999999999822e-01
5.826000000000000068e-01
5.766000000000000014e-01
6.834000000000000075e-01
6.741000000000000325e-01
6.774999999999999911e-01
5.904000000000000359e-01
7.318999999999999950e-01
6.076000000000000290e-01
