1.000000000000000056e-01
2.872999999999999998e-01
2.590000000000000080e-01
4.169999999999999818e-01
3.971000000000000085e-01
2.422999999999999876e-01
5.089000000000000190e-01
5.679999999999999494e-01
6.095000000000000417e-01
6.273999999999999577e-01
7.135000000000000231e-01
7.741999999999999993e-01
7.727000000000000535e-01
6.379000000000000226e-01
7.845999999999999641e-01
5.794000000000000261e-01
6.054000000000000492e-01
6.600000000000000311e-01
7.008999999999999675e-01
6.375999999999999446e-01
7.298999999999999932e-01
