1.000000000000000056e-01
3.008000000000000118e-01
1.009000000000000036e-01
4.328000000000000180e-01
4.622999999999999887e-01
4.786000000000000254e-01
4.633999999999999786e-01
5.656999999999999806e-01
4.783000000000000029e-01
5.776999999999999913e-01
5.963000000000000522e-01
5.402000000000000135e-01
5.645999999999999908e-01
4.395000000000000018e-01
5.635000000000000009e-01
6.844999999999999973e-01
6.487000000000000544e-01
6.314999999999999503e-01
5.273999999999999799e-01
6.552999999999999936e-01
6.643999999999999906e-01
