1.000000000000000056e-01
8.920000000000000151e-02
9.070000000000000284e-02
8.920000000000000151e-02
3.931000000000000050e-01
8.920000000000000151e-02
8.920000000000000151e-02
8.920000000000000151e-02
4.682999999999999940e-01
8.920000000000000151e-02
4.581999999999999962e-01
8.920000000000000151e-02
6.978999999999999648e-01
8.920000000000000151e-02
4.364000000000000101e-01
8.920000000000000151e-02
6.069999999999999840e-01
8.920000000000000151e-02
6.339000000000000190e-01
8.920000000000000151e-02
6.060999999999999721e-01
