1.000000000000000056e-01
3.711999999999999744e-01
3.351000000000000090e-01
5.443000000000000060e-01
5.469000000000000528e-01
5.030000000000000027e-01
5.382000000000000117e-01
6.532000000000000028e-01
5.885000000000000231e-01
6.448000000000000398e-01
7.491999999999999771e-01
6.973000000000000309e-01
5.840999999999999526e-01
5.027000000000000357e-01
6.444999999999999618e-01
7.160999999999999588e-01
6.299000000000000155e-01
6.911000000000000476e-01
4.633999999999999786e-01
8.557000000000000162e-01
7.461999999999999744e-01
