1.000000000000000056e-01
7.617000000000000437e-01
8.236999999999999877e-01
8.423000000000000487e-01
7.829000000000000403e-01
1.010000000000000064e-01
1.010000000000000064e-01
1.135000000000000037e-01
1.135000000000000037e-01
1.135000000000000037e-01
1.135000000000000037e-01
1.135000000000000037e-01
1.135000000000000037e-01
1.135000000000000037e-01
1.135000000000000037e-01
1.135000000000000037e-01
1.135000000000000037e-01
1.135000000000000037e-01
1.135000000000000037e-01
1.135000000000000037e-01
1.135000000000000037e-01
