1.000000000000000056e-01
1.905999999999999917e-01
1.255000000000000004e-01
4.390000000000000013e-01
4.994000000000000106e-01
6.679000000000000492e-01
5.667999999999999705e-01
5.955000000000000293e-01
7.210999999999999632e-01
7.849000000000000421e-01
6.985999999999999988e-01
7.530999999999999917e-01
7.360999999999999766e-01
8.221000000000000529e-01
8.891999999999999904e-01
9.074999999999999734e-01
9.119000000000000439e-01
8.991999999999999993e-01
8.635000000000000453e-01
7.890000000000000346e-01
7.680000000000000160e-01
