1.000000000000000056e-01
4.163000000000000034e-01
3.074000000000000066e-01
3.815000000000000058e-01
4.222000000000000197e-01
4.102999999999999980e-01
4.855999999999999761e-01
6.632000000000000117e-01
6.411000000000000032e-01
7.534999999999999476e-01
8.145999999999999908e-01
8.218999999999999639e-01
8.783999999999999586e-01
7.335000000000000409e-01
8.494000000000000439e-01
6.776999999999999691e-01
7.669000000000000261e-01
7.568000000000000282e-01
8.084000000000000075e-01
6.539000000000000368e-01
7.489999999999999991e-01
