1.000000000000000056e-01
1.363000000000000045e-01
2.955999999999999739e-01
4.371999999999999775e-01
5.292999999999999927e-01
5.325999999999999623e-01
6.417000000000000481e-01
4.928000000000000158e-01
7.100999999999999535e-01
7.844999999999999751e-01
7.611999999999999877e-01
7.576000000000000512e-01
7.055000000000000160e-01
8.008999999999999453e-01
7.611999999999999877e-01
8.008999999999999453e-01
7.491999999999999771e-01
6.989999999999999547e-01
8.016999999999999682e-01
7.574999999999999512e-01
8.749000000000000110e-01
