1.000000000000000056e-01
3.497000000000000108e-01
3.613000000000000100e-01
4.012000000000000011e-01
6.542999999999999927e-01
3.834000000000000186e-01
6.593999999999999861e-01
6.491000000000000103e-01
6.811000000000000387e-01
5.705999999999999961e-01
7.440999999999999837e-01
8.004000000000000004e-01
7.773999999999999799e-01
6.995999999999999996e-01
6.645999999999999686e-01
7.422999999999999599e-01
7.255000000000000338e-01
7.083000000000000407e-01
6.528000000000000469e-01
8.074999999999999956e-01
6.842000000000000304e-01
