1.000000000000000056e-01
3.277999999999999803e-01
2.505000000000000004e-01
3.719999999999999973e-01
5.370000000000000329e-01
2.829999999999999738e-01
5.219000000000000306e-01
4.254999999999999893e-01
4.991999999999999771e-01
2.894999999999999796e-01
5.312000000000000055e-01
5.838999999999999746e-01
5.369000000000000439e-01
3.163000000000000256e-01
5.591000000000000414e-01
6.119999999999999885e-01
5.757999999999999785e-01
4.546000000000000041e-01
4.640000000000000235e-01
5.233999999999999764e-01
4.628999999999999782e-01
