1.000000000000000056e-01
1.630999999999999950e-01
1.165999999999999953e-01
3.170000000000000040e-01
3.925000000000000155e-01
4.415999999999999925e-01
3.909000000000000252e-01
3.958999999999999742e-01
4.168999999999999928e-01
4.580000000000000182e-01
4.955999999999999850e-01
4.394000000000000128e-01
5.907000000000000028e-01
3.948999999999999733e-01
6.901000000000000467e-01
6.390000000000000124e-01
7.709000000000000297e-01
6.864000000000000101e-01
5.396999999999999575e-01
4.647999999999999909e-01
6.529000000000000359e-01
