1.000000000000000056e-01
2.391000000000000070e-01
1.356999999999999873e-01
2.600000000000000089e-01
3.729000000000000092e-01
4.112000000000000099e-01
2.984999999999999876e-01
3.272999999999999798e-01
4.869999999999999885e-01
5.021999999999999797e-01
3.553999999999999937e-01
5.168000000000000371e-01
5.127000000000000446e-01
5.211999999999999966e-01
6.813000000000000167e-01
6.586999999999999522e-01
6.372999999999999776e-01
6.764000000000000012e-01
5.419000000000000483e-01
5.368000000000000549e-01
5.306999999999999496e-01
