1.000000000000000056e-01
3.546000000000000263e-01
2.543000000000000260e-01
3.745999999999999885e-01
3.030999999999999805e-01
2.751000000000000112e-01
4.052000000000000046e-01
4.932000000000000273e-01
4.336999999999999744e-01
4.017999999999999905e-01
5.644000000000000128e-01
5.634000000000000119e-01
4.686000000000000165e-01
5.403000000000000025e-01
5.667999999999999705e-01
4.934000000000000052e-01
3.962999999999999856e-01
5.502000000000000224e-01
5.377999999999999448e-01
4.364000000000000101e-01
4.860999999999999766e-01
