1.000000000000000056e-01
3.291999999999999926e-01
4.364999999999999991e-01
3.972999999999999865e-01
6.281999999999999806e-01
4.104999999999999760e-01
6.625999999999999668e-01
6.637999999999999456e-01
6.479000000000000314e-01
5.713000000000000300e-01
7.243000000000000549e-01
8.649999999999999911e-01
7.900000000000000355e-01
7.377000000000000224e-01
6.833000000000000185e-01
7.584999999999999520e-01
7.702999999999999847e-01
7.227000000000000091e-01
6.409000000000000252e-01
8.024000000000000021e-01
6.898999999999999577e-01
