1.000000000000000056e-01
1.048999999999999932e-01
3.306000000000000050e-01
4.964999999999999969e-01
6.903000000000000247e-01
5.627999999999999670e-01
5.951999999999999513e-01
6.570000000000000284e-01
8.729999999999999982e-01
7.108999999999999764e-01
8.473000000000000531e-01
7.694999999999999618e-01
7.606000000000000538e-01
7.989000000000000545e-01
7.711999999999999966e-01
7.544999999999999485e-01
7.352999999999999536e-01
7.905999999999999694e-01
8.866000000000000547e-01
8.548000000000000043e-01
7.788000000000000478e-01
