1.000000000000000056e-01
1.152999999999999997e-01
3.405000000000000249e-01
3.665999999999999814e-01
5.903000000000000469e-01
4.457999999999999741e-01
4.768999999999999906e-01
5.534999999999999920e-01
6.031999999999999584e-01
3.935000000000000164e-01
5.526999999999999691e-01
6.357000000000000428e-01
4.699999999999999734e-01
4.763999999999999901e-01
3.749000000000000110e-01
4.689999999999999725e-01
5.147000000000000464e-01
3.766999999999999793e-01
5.111999999999999877e-01
5.667999999999999705e-01
4.701000000000000179e-01
