1.000000000000000056e-01
4.179999999999999827e-01
3.054999999999999938e-01
3.857999999999999763e-01
4.107000000000000095e-01
4.086000000000000187e-01
5.334999999999999742e-01
6.774999999999999911e-01
7.015000000000000124e-01
7.409999999999999920e-01
7.949000000000000510e-01
8.607000000000000206e-01
8.866000000000000547e-01
7.504999999999999449e-01
8.641999999999999682e-01
6.969999999999999529e-01
7.983999999999999986e-01
7.641999999999999904e-01
8.145999999999999908e-01
6.682000000000000162e-01
7.395000000000000462e-01
