1.000000000000000056e-01
9.299999999999999933e-02
2.636000000000000010e-01
3.457000000000000073e-01
4.374000000000000110e-01
3.290000000000000147e-01
4.254999999999999893e-01
2.928999999999999937e-01
4.467999999999999750e-01
4.541999999999999926e-01
4.842000000000000193e-01
5.387999999999999456e-01
5.199000000000000288e-01
5.565999999999999837e-01
5.402000000000000135e-01
4.444000000000000172e-01
2.509000000000000119e-01
4.648999999999999799e-01
4.099999999999999756e-01
5.036000000000000476e-01
5.031999999999999806e-01
