1.000000000000000056e-01
2.516999999999999793e-01
2.419000000000000039e-01
3.357999999999999874e-01
3.357999999999999874e-01
2.222000000000000086e-01
4.550000000000000155e-01
4.277000000000000246e-01
5.504000000000000004e-01
4.188000000000000056e-01
5.838999999999999746e-01
5.181000000000000050e-01
4.789999999999999813e-01
5.023999999999999577e-01
5.177000000000000490e-01
5.703000000000000291e-01
5.338000000000000522e-01
4.946999999999999731e-01
5.152999999999999803e-01
5.241999999999999993e-01
5.020000000000000018e-01
