1.000000000000000056e-01
2.401999999999999968e-01
1.403999999999999970e-01
4.082000000000000073e-01
5.227000000000000535e-01
6.655999999999999694e-01
5.561000000000000387e-01
6.066000000000000281e-01
7.218999999999999861e-01
7.671000000000000041e-01
7.057999999999999829e-01
7.691999999999999948e-01
7.218999999999999861e-01
8.046999999999999709e-01
8.921000000000000041e-01
9.081000000000000183e-01
9.146999999999999575e-01
8.921000000000000041e-01
8.675000000000000488e-01
8.137999999999999678e-01
7.862999999999999989e-01
