1.000000000000000056e-01
1.351999999999999869e-01
3.116999999999999771e-01
4.989000000000000101e-01
5.944000000000000394e-01
5.181999999999999940e-01
6.021999999999999575e-01
4.801000000000000267e-01
6.509000000000000341e-01
7.591999999999999860e-01
7.417000000000000259e-01
7.280999999999999694e-01
7.309999999999999831e-01
8.023000000000000131e-01
7.558000000000000274e-01
7.661999999999999922e-01
7.577000000000000401e-01
6.791000000000000369e-01
7.421999999999999709e-01
7.463999999999999524e-01
8.558000000000000052e-01
