1.000000000000000056e-01
1.050999999999999990e-01
2.791000000000000147e-01
4.613999999999999768e-01
7.308000000000000052e-01
5.223999999999999755e-01
5.976000000000000201e-01
6.611000000000000210e-01
8.193000000000000282e-01
7.006000000000000005e-01
8.504000000000000448e-01
7.469999999999999973e-01
7.609000000000000208e-01
7.821000000000000174e-01
7.441999999999999726e-01
7.470999999999999863e-01
6.757999999999999563e-01
7.748000000000000442e-01
8.871999999999999886e-01
8.883999999999999675e-01
7.911000000000000254e-01
