1.000000000000000056e-01
3.488999903202056885e-01
8.284999728202819824e-01
2.763999998569488525e-01
1.884000003337860107e-01
1.018000021576881409e-01
1.342000067234039307e-01
7.909999787807464600e-02
1.519999951124191284e-01
3.160000145435333252e-01
4.241000115871429443e-01
1.146999970078468323e-01
4.966000020503997803e-01
4.654999971389770508e-01
3.269000053405761719e-01
3.871000111103057861e-01
2.202000021934509277e-01
1.715999990701675415e-01
1.512999981641769409e-01
3.686999976634979248e-01
1.059999987483024597e-01
