1.000000000000000056e-01
0.000000000000000000e+00
2.632000148296356201e-01
2.850000001490116119e-02
2.813999950885772705e-01
3.585999906063079834e-01
4.598000049591064453e-01
2.145999968051910400e-01
2.389000058174133301e-01
2.913999855518341064e-01
2.637999951839447021e-01
1.808999925851821899e-01
1.676000058650970459e-01
1.803999990224838257e-01
1.280000060796737671e-01
1.096000000834465027e-01
1.132000014185905457e-01
1.124999970197677612e-01
1.033999994397163391e-01
1.314000040292739868e-01
4.228000044822692871e-01
