1.000000000000000056e-01
9.074000120162963867e-01
8.173999786376953125e-01
7.232999801635742188e-01
5.600000023841857910e-01
3.955000042915344238e-01
1.569000035524368286e-01
1.384000033140182495e-01
2.890999913215637207e-01
2.090999931097030640e-01
3.892999887466430664e-01
3.729999959468841553e-01
6.172000169754028320e-01
4.151999950408935547e-01
5.027999877929687500e-01
7.691000103950500488e-01
7.699000239372253418e-01
8.923000097274780273e-01
9.229000210762023926e-01
9.326999783515930176e-01
9.021999835968017578e-01
