1.000000000000000056e-01
5.519999936223030090e-02
1.743000000715255737e-01
8.554000258445739746e-01
1.974000036716461182e-01
5.891000032424926758e-01
2.904999852180480957e-01
3.829999864101409912e-01
1.765999943017959595e-01
3.222999870777130127e-01
2.380000054836273193e-01
2.529000043869018555e-01
1.253000050783157349e-01
1.612000018358230591e-01
1.459999978542327881e-01
1.471000015735626221e-01
1.918999999761581421e-01
2.062000036239624023e-01
1.931000053882598877e-01
2.352000027894973755e-01
1.083000004291534424e-01
