1.000000000000000056e-01
7.400000095367431641e-02
2.371000051498413086e-01
4.119000136852264404e-01
5.493000149726867676e-01
4.573999941349029541e-01
1.877000033855438232e-01
1.371999979019165039e-01
1.018000021576881409e-01
9.409999847412109375e-02
1.336999982595443726e-01
1.562000066041946411e-01
2.547000050544738770e-01
1.782000064849853516e-01
2.138999998569488525e-01
1.218999996781349182e-01
2.337999939918518066e-01
2.434999942779541016e-01
1.380999982357025146e-01
9.430000185966491699e-02
2.047999948263168335e-01
