1.000000000000000056e-01
2.141000032424926758e-01
1.079000011086463928e-01
1.093999966979026794e-01
1.092000007629394531e-01
1.107999980449676514e-01
1.068999990820884705e-01
1.041999980807304382e-01
1.129999980330467224e-01
1.086999997496604919e-01
1.024999991059303284e-01
1.083000004291534424e-01
1.033999994397163391e-01
1.074000000953674316e-01
1.070000007748603821e-01
1.045000031590461731e-01
1.031000018119812012e-01
1.046999990940093994e-01
1.045000031590461731e-01
1.026000007987022400e-01
9.920000284910202026e-02
