1.000000000000000056e-01
1.556999981403350830e-01
1.005000025033950806e-01
9.979999810457229614e-02
1.077999994158744812e-01
1.310999989509582520e-01
2.125000059604644775e-01
2.870000004768371582e-01
4.792000055313110352e-01
6.061999797821044922e-01
7.720000147819519043e-01
8.798000216484069824e-01
8.427000045776367188e-01
8.726000189781188965e-01
9.541000127792358398e-01
9.261999726295471191e-01
9.584000110626220703e-01
9.524999856948852539e-01
9.146000146865844727e-01
8.966000080108642578e-01
9.562000036239624023e-01
