1.000000000000000056e-01
1.767999976873397827e-01
1.154000014066696167e-01
1.115999966859817505e-01
1.089999973773956299e-01
1.114000007510185242e-01
1.070000007748603821e-01
1.071000024676322937e-01
1.067999973893165588e-01
1.083000004291534424e-01
1.071999967098236084e-01
1.092000007629394531e-01
1.032000035047531128e-01
1.045000031590461731e-01
9.830000251531600952e-02
1.001999974250793457e-01
1.001000031828880310e-01
1.032000035047531128e-01
1.013000011444091797e-01
1.026000007987022400e-01
9.939999878406524658e-02
