1.000000000000000056e-01
1.512999981641769409e-01
1.149000003933906555e-01
1.086999997496604919e-01
1.049000024795532227e-01
1.032999977469444275e-01
1.017000004649162292e-01
1.004000008106231689e-01
1.006999984383583069e-01
1.018000021576881409e-01
1.013000011444091797e-01
1.010000035166740417e-01
9.979999810457229614e-02
9.929999709129333496e-02
1.027999967336654663e-01
1.005999967455863953e-01
1.018000021576881409e-01
1.022000014781951904e-01
1.058999970555305481e-01
1.221000030636787415e-01
1.293999999761581421e-01
