1.000000000000000056e-01
2.933000028133392334e-01
1.307999938726425171e-01
1.300999969244003296e-01
2.917000055313110352e-01
4.891999959945678711e-01
7.311000227928161621e-01
8.041999936103820801e-01
7.878999710083007812e-01
9.221000075340270996e-01
8.431000113487243652e-01
9.375000000000000000e-01
9.271000027656555176e-01
9.610999822616577148e-01
9.463999867439270020e-01
9.427999854087829590e-01
9.667000174522399902e-01
9.286000132560729980e-01
9.466999769210815430e-01
9.460999965667724609e-01
9.440000057220458984e-01
