1.000000000000000056e-01
2.784999907016754150e-01
1.303000003099441528e-01
1.273999959230422974e-01
1.149000003933906555e-01
1.111000031232833862e-01
1.076000034809112549e-01
1.067000031471252441e-01
1.076999977231025696e-01
1.115999966859817505e-01
1.046999990940093994e-01
1.052000001072883606e-01
1.033999994397163391e-01
1.013000011444091797e-01
1.009000018239021301e-01
1.024999991059303284e-01
1.036000028252601624e-01
1.032000035047531128e-01
1.033999994397163391e-01
1.032999977469444275e-01
1.019999980926513672e-01
