1.000000000000000056e-01
3.680999875068664551e-01
3.530000150203704834e-02
1.818999946117401123e-01
1.274999976158142090e-01
1.017000004649162292e-01
1.243000030517578125e-01
1.094999983906745911e-01
1.046999990940093994e-01
9.709999710321426392e-02
1.465000063180923462e-01
1.045000031590461731e-01
9.440000355243682861e-02
1.006999984383583069e-01
8.219999819993972778e-02
9.730000048875808716e-02
9.080000221729278564e-02
8.449999988079071045e-02
1.000000014901161194e-01
1.019999980926513672e-01
9.319999814033508301e-02
