1.000000000000000056e-01
7.500000298023223877e-02
9.309999644756317139e-02
8.850000053644180298e-02
9.820000082254409790e-02
1.000000014901161194e-01
1.024999991059303284e-01
1.015999987721443176e-01
1.018000021576881409e-01
1.013000011444091797e-01
1.018000021576881409e-01
1.018999963998794556e-01
9.880000352859497070e-02
9.939999878406524658e-02
9.960000216960906982e-02
9.880000352859497070e-02
9.929999709129333496e-02
9.969999641180038452e-02
9.960000216960906982e-02
1.001000031828880310e-01
1.005999967455863953e-01
