1.000000000000000056e-01
1.618999987840652466e-01
1.194999963045120239e-01
1.108999997377395630e-01
1.077999994158744812e-01
1.147999987006187439e-01
1.067999973893165588e-01
1.053000018000602722e-01
1.075000017881393433e-01
1.053000018000602722e-01
1.093999966979026794e-01
1.071999967098236084e-01
1.040999963879585266e-01
1.067999973893165588e-01
1.027999967336654663e-01
1.045000031590461731e-01
9.650000184774398804e-02
1.086999997496604919e-01
1.055999994277954102e-01
1.031000018119812012e-01
1.027000024914741516e-01
