1.000000000000000056e-01
4.380000010132789612e-02
1.045000031590461731e-01
1.096000000834465027e-01
1.084999963641166687e-01
1.094999983906745911e-01
1.088000014424324036e-01
1.105000004172325134e-01
1.071000024676322937e-01
1.092000007629394531e-01
1.099999994039535522e-01
1.097000017762184143e-01
1.066000014543533325e-01
1.068999990820884705e-01
1.023999974131584167e-01
1.033999994397163391e-01
1.014000028371810913e-01
1.020999997854232788e-01
1.018000021576881409e-01
1.018999963998794556e-01
1.015999987721443176e-01
