1.000000000000000056e-01
9.539999812841415405e-02
9.920000284910202026e-02
1.010999977588653564e-01
1.195999979972839355e-01
1.744000017642974854e-01
2.536999881267547607e-01
4.866000115871429443e-01
6.466000080108642578e-01
7.332999706268310547e-01
8.228999972343444824e-01
8.718000054359436035e-01
9.018999934196472168e-01
9.312999844551086426e-01
9.412999749183654785e-01
9.304999709129333496e-01
9.542999863624572754e-01
9.434000253677368164e-01
9.451000094413757324e-01
9.581999778747558594e-01
9.520000219345092773e-01
