1.000000000000000056e-01
2.769999951124191284e-02
5.389999970793724060e-02
5.869999900460243225e-02
9.579999744892120361e-02
9.660000354051589966e-02
1.142999976873397827e-01
1.093999966979026794e-01
1.146000027656555176e-01
1.136000007390975952e-01
1.177000030875205994e-01
1.133999973535537720e-01
1.036999970674514771e-01
1.044000014662742615e-01
9.889999777078628540e-02
9.279999881982803345e-02
9.889999777078628540e-02
9.809999912977218628e-02
9.499999880790710449e-02
9.969999641180038452e-02
1.020999997854232788e-01
