1.000000000000000056e-01
1.852999925613403320e-01
1.032000035047531128e-01
1.250000000000000000e-01
1.152999997138977051e-01
1.074000000953674316e-01
1.033999994397163391e-01
1.094999983906745911e-01
1.111000031232833862e-01
1.039000004529953003e-01
1.186999976634979248e-01
1.077999994158744812e-01
1.053000018000602722e-01
1.005000025033950806e-01
9.929999709129333496e-02
1.005000025033950806e-01
9.749999642372131348e-02
9.979999810457229614e-02
1.044000014662742615e-01
1.027000024914741516e-01
1.035000011324882507e-01
