1.000000000000000056e-01
9.549999982118606567e-02
9.929999709129333496e-02
1.010999977588653564e-01
1.172999963164329529e-01
1.475999951362609863e-01
2.786000072956085205e-01
4.153000116348266602e-01
6.783000230789184570e-01
7.404999732971191406e-01
8.413000106811523438e-01
8.996999859809875488e-01
9.214000105857849121e-01
9.258999824523925781e-01
9.172999858856201172e-01
9.161999821662902832e-01
9.259999990463256836e-01
9.377999901771545410e-01
9.757999777793884277e-01
9.606999754905700684e-01
9.714999794960021973e-01
