1.000000000000000056e-01
1.922000050544738770e-01
1.243999972939491272e-01
1.235999986529350281e-01
1.076000034809112549e-01
1.054000034928321838e-01
1.024999991059303284e-01
1.070000007748603821e-01
1.013000011444091797e-01
1.090999990701675415e-01
1.018999963998794556e-01
1.044000014662742615e-01
1.041999980807304382e-01
1.019999980926513672e-01
1.057000011205673218e-01
1.243999972939491272e-01
1.272999942302703857e-01
1.177000030875205994e-01
1.270000040531158447e-01
1.456999927759170532e-01
2.221000045537948608e-01
