1.000000000000000056e-01
2.045000046491622925e-01
1.031000018119812012e-01
1.789000034332275391e-01
1.737000048160552979e-01
1.358000040054321289e-01
1.290999948978424072e-01
1.479000002145767212e-01
1.387999951839447021e-01
1.128999963402748108e-01
1.363999992609024048e-01
1.260000020265579224e-01
1.156999990344047546e-01
1.093999966979026794e-01
1.049000024795532227e-01
1.045999974012374878e-01
9.989999979734420776e-02
9.889999777078628540e-02
1.052000001072883606e-01
1.026000007987022400e-01
1.062000021338462830e-01
