1.000000000000000056e-01
9.309999644756317139e-02
9.830000251531600952e-02
9.420000016689300537e-02
1.010000035166740417e-01
1.010000035166740417e-01
1.048000007867813110e-01
1.067000031471252441e-01
1.226999983191490173e-01
1.272999942302703857e-01
1.706999987363815308e-01
1.797000020742416382e-01
1.353999972343444824e-01
1.799000054597854614e-01
2.804000079631805420e-01
3.770000040531158447e-01
2.626000046730041504e-01
4.031000137329101562e-01
4.314999878406524658e-01
3.495000004768371582e-01
3.030999898910522461e-01
