1.000000000000000056e-01
1.852999925613403320e-01
1.042999997735023499e-01
1.293999999761581421e-01
1.162000000476837158e-01
1.112999990582466125e-01
1.054999977350234985e-01
1.101000010967254639e-01
1.120999976992607117e-01
1.054999977350234985e-01
1.177000030875205994e-01
1.076000034809112549e-01
1.015999987721443176e-01
9.920000284910202026e-02
1.015999987721443176e-01
1.022000014781951904e-01
9.650000184774398804e-02
9.899999946355819702e-02
1.032000035047531128e-01
1.032000035047531128e-01
1.022000014781951904e-01
