1.000000000000000056e-01
1.469999998807907104e-01
1.198000013828277588e-01
1.085999980568885803e-01
1.180000007152557373e-01
1.528999954462051392e-01
2.309000045061111450e-01
4.225000143051147461e-01
6.482999920845031738e-01
8.256000280380249023e-01
8.152999877929687500e-01
9.190000295639038086e-01
9.117000102996826172e-01
9.269000291824340820e-01
8.815000057220458984e-01
9.603999853134155273e-01
9.484999775886535645e-01
9.668999910354614258e-01
9.670000076293945312e-01
9.657999873161315918e-01
9.696000218391418457e-01
