1.000000000000000056e-01
7.739999890327453613e-02
1.015999987721443176e-01
8.879999816417694092e-02
9.979999810457229614e-02
1.023000031709671021e-01
1.040000021457672119e-01
1.010999977588653564e-01
1.022000014781951904e-01
9.799999743700027466e-02
1.054000034928321838e-01
1.044000014662742615e-01
9.769999980926513672e-02
9.809999912977218628e-02
9.700000286102294922e-02
9.529999643564224243e-02
9.790000319480895996e-02
9.849999845027923584e-02
9.820000082254409790e-02
9.989999979734420776e-02
1.001000031828880310e-01
