1.000000000000000056e-01
1.080000028014183044e-01
1.036999970674514771e-01
1.022000014781951904e-01
1.097000017762184143e-01
1.454000025987625122e-01
2.370000034570693970e-01
4.778000116348266602e-01
6.547999978065490723e-01
7.423999905586242676e-01
7.764999866485595703e-01
8.690999746322631836e-01
8.705000281333923340e-01
8.948000073432922363e-01
9.355999827384948730e-01
9.567999839782714844e-01
9.429000020027160645e-01
9.372000098228454590e-01
9.513000249862670898e-01
9.708999991416931152e-01
9.714000225067138672e-01
