1.000000000000000056e-01
7.739999890327453613e-02
9.989999979734420776e-02
9.040000289678573608e-02
9.899999946355819702e-02
1.009000018239021301e-01
1.040999963879585266e-01
1.023000031709671021e-01
1.028999984264373779e-01
1.008000001311302185e-01
1.026000007987022400e-01
1.022000014781951904e-01
9.730000048875808716e-02
9.600000083446502686e-02
9.700000286102294922e-02
9.560000151395797729e-02
9.799999743700027466e-02
9.820000082254409790e-02
9.830000251531600952e-02
1.004000008106231689e-01
9.899999946355819702e-02
