1.000000000000000056e-01
1.058000028133392334e-01
1.053000018000602722e-01
1.040999963879585266e-01
1.046999990940093994e-01
1.031000018119812012e-01
1.014999970793724060e-01
1.018000021576881409e-01
1.015999987721443176e-01
1.014000028371810913e-01
1.004000008106231689e-01
1.006999984383583069e-01
1.004000008106231689e-01
1.008000001311302185e-01
1.006999984383583069e-01
1.006999984383583069e-01
9.989999979734420776e-02
9.950000047683715820e-02
9.950000047683715820e-02
9.939999878406524658e-02
9.960000216960906982e-02
