1.000000000000000056e-01
9.780000150203704834e-02
1.014999970793724060e-01
1.004000008106231689e-01
1.004000008106231689e-01
9.979999810457229614e-02
9.960000216960906982e-02
9.910000115633010864e-02
9.920000284910202026e-02
9.929999709129333496e-02
9.910000115633010864e-02
9.950000047683715820e-02
9.969999641180038452e-02
1.055999994277954102e-01
1.124999970197677612e-01
1.337999999523162842e-01
1.712999939918518066e-01
2.424000054597854614e-01
4.368000030517578125e-01
5.892000198364257812e-01
7.372000217437744141e-01
