1.000000000000000056e-01
4.089999943971633911e-02
9.300000220537185669e-02
7.109999656677246094e-02
1.066000014543533325e-01
1.067000031471252441e-01
1.088000014424324036e-01
1.040999963879585266e-01
1.233000010251998901e-01
1.184000000357627869e-01
1.339000016450881958e-01
9.000000357627868652e-02
9.359999746084213257e-02
9.989999979734420776e-02
7.580000162124633789e-02
7.919999957084655762e-02
9.269999712705612183e-02
9.570000320672988892e-02
9.440000355243682861e-02
1.125999987125396729e-01
8.820000290870666504e-02
