1.000000000000000056e-01
1.979999989271163940e-01
1.358000040054321289e-01
1.289999932050704956e-01
1.083000004291534424e-01
1.052000001072883606e-01
1.026000007987022400e-01
1.057000011205673218e-01
1.063999980688095093e-01
1.123000010848045349e-01
1.036000028252601624e-01
1.037999987602233887e-01
1.040000021457672119e-01
9.979999810457229614e-02
1.004000008106231689e-01
1.018999963998794556e-01
1.022000014781951904e-01
1.023000031709671021e-01
1.027000024914741516e-01
1.018000021576881409e-01
9.939999878406524658e-02
