1.000000000000000056e-01
3.366999924182891846e-01
1.254000067710876465e-01
1.238000020384788513e-01
1.159000024199485779e-01
1.105000004172325134e-01
1.103999987244606018e-01
1.075000017881393433e-01
1.098000034689903259e-01
1.061000004410743713e-01
1.045000031590461731e-01
1.054999977350234985e-01
1.045000031590461731e-01
1.058999970555305481e-01
1.062000021338462830e-01
1.044000014662742615e-01
1.033999994397163391e-01
1.036000028252601624e-01
1.037999987602233887e-01
1.024999991059303284e-01
1.010000035166740417e-01
