1.000000000000000056e-01
1.422999948263168335e-01
1.130999997258186340e-01
1.171000003814697266e-01
1.177999973297119141e-01
1.178999990224838257e-01
1.138999983668327332e-01
1.124000027775764465e-01
1.106999963521957397e-01
1.090999990701675415e-01
1.115999966859817505e-01
1.067999973893165588e-01
1.049999967217445374e-01
1.033999994397163391e-01
1.049000024795532227e-01
1.036000028252601624e-01
1.020999997854232788e-01
1.019999980926513672e-01
1.014999970793724060e-01
1.026000007987022400e-01
1.022000014781951904e-01
