1.000000000000000056e-01
1.511999964714050293e-01
1.172000020742416382e-01
1.239999979734420776e-01
1.086999997496604919e-01
1.081999987363815308e-01
1.002999991178512573e-01
1.005999967455863953e-01
1.050999984145164490e-01
1.014999970793724060e-01
1.080999970436096191e-01
9.929999709129333496e-02
9.790000319480895996e-02
9.650000184774398804e-02
9.889999777078628540e-02
9.780000150203704834e-02
1.001999974250793457e-01
1.123000010848045349e-01
1.900999993085861206e-01
2.034000009298324585e-01
1.898999959230422974e-01
