1.000000000000000056e-01
0.000000000000000000e+00
2.606999874114990234e-01
8.543000221252441406e-01
7.831000089645385742e-01
5.795000195503234863e-01
5.133000016212463379e-01
5.113999843597412109e-01
5.045999884605407715e-01
2.199999988079071045e-01
2.445999979972839355e-01
2.484000027179718018e-01
3.271999955177307129e-01
2.707999944686889648e-01
1.497000008821487427e-01
3.729999959468841553e-01
4.009999930858612061e-01
3.052000105381011963e-01
2.858999967575073242e-01
3.061999976634979248e-01
2.462999969720840454e-01
