1.000000000000000056e-01
0.000000000000000000e+00
3.562999963760375977e-01
6.962000131607055664e-01
3.759999945759773254e-02
6.751999855041503906e-01
5.320000052452087402e-01
5.557000041007995605e-01
1.072999984025955200e-01
1.657000035047531128e-01
5.716000199317932129e-01
2.718000113964080811e-01
1.629000008106231689e-01
1.746000051498413086e-01
4.591000080108642578e-01
2.423000037670135498e-01
1.114000007510185242e-01
1.775999963283538818e-01
1.423999965190887451e-01
8.309999853372573853e-02
2.395000010728836060e-01
