1.000000000000000056e-01
2.442000061273574829e-01
2.743999958038330078e-01
1.955000013113021851e-01
2.728999853134155273e-01
2.872999906539916992e-01
4.702999889850616455e-01
4.575000107288360596e-01
2.211000025272369385e-01
2.179999947547912598e-01
1.720000058412551880e-01
2.089000046253204346e-01
2.255000025033950806e-01
3.061000108718872070e-01
3.050000071525573730e-01
1.645999997854232788e-01
2.711000144481658936e-01
1.915999948978424072e-01
3.163999915122985840e-01
1.455000042915344238e-01
3.910000026226043701e-01
