1.000000000000000056e-01
1.900000032037496567e-03
0.000000000000000000e+00
1.999999949475750327e-04
2.239999920129776001e-02
2.011000066995620728e-01
7.803999781608581543e-01
3.510999977588653564e-01
5.330000072717666626e-02
5.159999728202819824e-01
3.501999974250793457e-01
3.009999990463256836e-01
2.506999969482421875e-01
1.501999944448471069e-01
1.111999973654747009e-01
2.779999971389770508e-01
3.526000082492828369e-01
2.345000058412551880e-01
1.775999963283538818e-01
2.310000061988830566e-01
1.590999960899353027e-01
