1.000000000000000056e-01
6.018000245094299316e-01
1.801999956369400024e-01
7.001000046730041504e-01
6.728000044822692871e-01
1.077999994158744812e-01
4.997999966144561768e-01
4.887000024318695068e-01
4.661000072956085205e-01
2.718000113964080811e-01
1.107999980449676514e-01
2.824000120162963867e-01
2.698999941349029541e-01
2.319999933242797852e-01
4.934000074863433838e-01
2.931999862194061279e-01
2.592000067234039307e-01
9.470000118017196655e-02
2.761000096797943115e-01
1.339000016450881958e-01
2.039999961853027344e-01
