1.000000000000000056e-01
8.603000044822692871e-01
6.617000102996826172e-01
6.560000181198120117e-01
5.152999758720397949e-01
3.504000008106231689e-01
2.475000023841857910e-01
5.112000107765197754e-01
7.498000264167785645e-01
8.332999944686889648e-01
9.455999732017517090e-01
9.750999808311462402e-01
9.919999837875366211e-01
9.934999942779541016e-01
9.991000294685363770e-01
9.995999932289123535e-01
1.000000000000000000e+00
1.000000000000000000e+00
1.000000000000000000e+00
1.000000000000000000e+00
1.000000000000000000e+00
