1.000000000000000056e-01
2.019999921321868896e-02
4.824999868869781494e-01
8.150000125169754028e-02
4.848999977111816406e-01
4.226999878883361816e-01
4.823000133037567139e-01
2.441000044345855713e-01
2.551000118255615234e-01
3.080999851226806641e-01
3.203999996185302734e-01
2.048999965190887451e-01
3.151000142097473145e-01
7.221999764442443848e-01
7.922000288963317871e-01
8.460999727249145508e-01
9.472000002861022949e-01
9.542000293731689453e-01
9.836999773979187012e-01
9.979000091552734375e-01
1.000000000000000000e+00
