1.000000000000000056e-01
7.896999716758728027e-01
9.232000112533569336e-01
2.998000085353851318e-01
4.219000041484832764e-01
3.761999905109405518e-01
1.949000060558319092e-01
1.327999979257583618e-01
2.653999924659729004e-01
3.885999917984008789e-01
3.280000090599060059e-01
1.200999990105628967e-01
4.029000103473663330e-01
3.248000144958496094e-01
3.271000087261199951e-01
3.643000125885009766e-01
2.388000041246414185e-01
1.879000067710876465e-01
1.825000047683715820e-01
3.950000107288360596e-01
1.805000007152557373e-01
