1.000000000000000056e-01
1.369999945163726807e-01
4.180000126361846924e-01
6.173999905586242676e-01
1.075000017881393433e-01
5.436000227928161621e-01
2.231999933719635010e-01
3.134000003337860107e-01
1.560000032186508179e-01
3.409999907016754150e-01
2.276999950408935547e-01
2.428999990224838257e-01
1.641999930143356323e-01
2.588999867439270020e-01
1.906999945640563965e-01
2.375999987125396729e-01
3.012000024318695068e-01
2.066999971866607666e-01
1.764000058174133301e-01
1.868000030517578125e-01
1.293999999761581421e-01
