1.000000000000000056e-01
1.688999999999999946e-01
2.207000000000000073e-01
3.326000000000000068e-01
4.097999999999999976e-01
5.103999999999999648e-01
5.248000000000000442e-01
6.468000000000000416e-01
7.144000000000000350e-01
7.766999999999999460e-01
7.750000000000000222e-01
8.167999999999999705e-01
7.138999999999999790e-01
8.395000000000000240e-01
8.960000000000000187e-01
9.136999999999999567e-01
9.026999999999999469e-01
9.090000000000000302e-01
8.981000000000000094e-01
8.669999999999999929e-01
8.975999999999999535e-01
