1.000000000000000056e-01
3.819000000000000172e-01
2.169000000000000095e-01
5.893000000000000460e-01
5.518999999999999462e-01
5.635999999999999899e-01
7.583999999999999631e-01
7.830000000000000293e-01
7.498000000000000220e-01
7.518000000000000238e-01
8.105999999999999872e-01
7.855999999999999650e-01
8.246999999999999886e-01
8.218999999999999639e-01
7.745999999999999552e-01
8.195000000000000062e-01
7.933000000000000052e-01
8.266999999999999904e-01
7.294000000000000483e-01
8.588999999999999968e-01
8.280999999999999472e-01
