1.000000000000000056e-01
2.723999999999999755e-01
4.576999999999999957e-01
4.153999999999999915e-01
5.815000000000000169e-01
3.991999999999999993e-01
6.193999999999999506e-01
6.676999999999999602e-01
6.603999999999999870e-01
7.709000000000000297e-01
7.937999999999999501e-01
8.427999999999999936e-01
8.148999999999999577e-01
7.526000000000000467e-01
7.840000000000000302e-01
8.467000000000000082e-01
7.866999999999999549e-01
7.762000000000000011e-01
8.065999999999999837e-01
8.931999999999999940e-01
7.694999999999999618e-01
