1.000000000000000056e-01
2.636000000000000010e-01
2.543000000000000260e-01
4.072999999999999954e-01
4.782000000000000139e-01
5.443999999999999950e-01
5.777999999999999803e-01
6.534999999999999698e-01
7.632999999999999785e-01
7.542999999999999705e-01
6.784000000000000030e-01
7.345000000000000417e-01
6.699000000000000510e-01
7.730000000000000204e-01
8.636000000000000343e-01
8.494000000000000439e-01
8.221000000000000529e-01
8.326999999999999957e-01
7.744999999999999662e-01
7.377000000000000224e-01
8.479999999999999760e-01
