1.000000000000000056e-01
3.214000000000000190e-01
4.487999999999999767e-01
3.725999999999999868e-01
5.444999999999999840e-01
3.363999999999999768e-01
6.673000000000000043e-01
6.606999999999999540e-01
6.600000000000000311e-01
7.347000000000000197e-01
7.711999999999999966e-01
7.379000000000000004e-01
7.984999999999999876e-01
6.985999999999999988e-01
7.405000000000000471e-01
7.924999999999999822e-01
6.449000000000000288e-01
6.867999999999999661e-01
6.805999999999999828e-01
8.417999999999999927e-01
6.999999999999999556e-01
