1.000000000000000056e-01
3.986000000000000099e-01
3.886000000000000010e-01
4.441999999999999837e-01
5.591000000000000414e-01
5.088000000000000300e-01
6.342999999999999750e-01
7.607000000000000428e-01
7.608000000000000318e-01
8.030000000000000471e-01
8.377999999999999892e-01
8.307999999999999829e-01
9.268999999999999462e-01
7.533999999999999586e-01
8.254000000000000226e-01
7.630000000000000115e-01
7.942000000000000171e-01
8.608999999999999986e-01
8.514000000000000457e-01
8.366999999999999993e-01
8.031000000000000361e-01
