1.000000000000000056e-01
2.988999999999999990e-01
1.612999999999999989e-01
4.293000000000000149e-01
4.611999999999999988e-01
4.838000000000000078e-01
6.299000000000000155e-01
6.659000000000000474e-01
6.235000000000000542e-01
6.353999999999999648e-01
7.432999999999999607e-01
7.034000000000000252e-01
6.760000000000000453e-01
6.503999999999999782e-01
6.231999999999999762e-01
7.949000000000000510e-01
6.612000000000000099e-01
7.644999999999999574e-01
6.755999999999999783e-01
7.326000000000000290e-01
7.966999999999999638e-01
