1.000000000000000056e-01
4.023999999999999799e-01
8.279999999999999583e-01
8.929000000000000270e-01
9.020000000000000240e-01
9.215999999999999748e-01
9.324000000000000066e-01
9.404000000000000137e-01
9.437999999999999723e-01
9.485000000000000098e-01
9.465000000000000080e-01
9.500999999999999446e-01
9.526000000000000023e-01
9.543000000000000371e-01
9.577999999999999847e-01
9.596999999999999975e-01
9.594000000000000306e-01
9.606000000000000094e-01
9.617999999999999883e-01
9.615000000000000213e-01
9.609999999999999654e-01
