1.000000000000000056e-01
3.373999999999999777e-01
6.135000000000000453e-01
6.957999999999999741e-01
8.426000000000000156e-01
8.713999999999999524e-01
8.972999999999999865e-01
8.998000000000000442e-01
8.887000000000000455e-01
8.901000000000000023e-01
9.013999999999999790e-01
9.091000000000000192e-01
9.002999999999999892e-01
9.058000000000000496e-01
8.782999999999999696e-01
8.917000000000000481e-01
8.997000000000000552e-01
8.984999999999999654e-01
9.052999999999999936e-01
9.129000000000000448e-01
9.011000000000000121e-01
