1.000000000000000056e-01
3.019999999999999907e-01
1.233000000000000068e-01
4.032999999999999918e-01
3.435000000000000275e-01
4.138999999999999901e-01
5.312999999999999945e-01
5.510000000000000453e-01
5.484999999999999876e-01
5.183999999999999719e-01
6.752000000000000224e-01
6.068000000000000060e-01
5.613000000000000211e-01
5.384999999999999787e-01
5.245999999999999552e-01
6.117000000000000215e-01
4.037999999999999923e-01
5.620000000000000551e-01
4.531000000000000028e-01
5.917999999999999927e-01
6.650000000000000355e-01
