1.000000000000000056e-01
2.785000000000000253e-01
2.490999999999999881e-01
4.657999999999999918e-01
5.558999999999999497e-01
5.935000000000000275e-01
6.238000000000000211e-01
6.804999999999999938e-01
8.447000000000000064e-01
8.171000000000000485e-01
8.225000000000000089e-01
8.149999999999999467e-01
7.086000000000000076e-01
8.083000000000000185e-01
9.149000000000000465e-01
9.124999999999999778e-01
9.092000000000000082e-01
9.035999999999999588e-01
8.981999999999999984e-01
8.620999999999999774e-01
8.954999999999999627e-01
