1.000000000000000056e-01
5.903000000000000469e-01
8.658000000000000140e-01
8.984999999999999654e-01
9.217999999999999527e-01
9.111000000000000210e-01
8.931999999999999940e-01
9.285999999999999810e-01
9.314999999999999947e-01
9.395000000000000018e-01
9.402000000000000357e-01
9.282000000000000250e-01
9.348999999999999533e-01
9.403000000000000247e-01
9.377999999999999670e-01
9.411000000000000476e-01
9.494000000000000217e-01
9.437999999999999723e-01
9.469999999999999529e-01
9.443000000000000282e-01
9.435999999999999943e-01
