1.000000000000000056e-01
6.229999999999999982e-01
8.386000000000000121e-01
8.665000000000000480e-01
9.200000000000000400e-01
9.195999999999999730e-01
9.226999999999999647e-01
9.360000000000000542e-01
9.363000000000000211e-01
9.368999999999999551e-01
9.393000000000000238e-01
9.337999999999999634e-01
9.428999999999999604e-01
9.441000000000000503e-01
9.422000000000000375e-01
9.348999999999999533e-01
9.379999999999999449e-01
9.341000000000000414e-01
9.439999999999999503e-01
9.355999999999999872e-01
9.388999999999999568e-01
