1.000000000000000056e-01
1.587999999999999967e-01
2.265000000000000069e-01
2.736000000000000099e-01
4.098999999999999866e-01
4.803999999999999937e-01
4.995999999999999885e-01
6.404999999999999583e-01
7.052000000000000490e-01
7.322999999999999510e-01
7.348000000000000087e-01
7.485000000000000542e-01
6.656999999999999584e-01
8.073000000000000176e-01
8.688000000000000167e-01
8.707000000000000295e-01
8.672999999999999599e-01
8.857000000000000428e-01
8.564000000000000501e-01
8.307999999999999829e-01
8.632999999999999563e-01
