1.000000000000000056e-01
3.009000000000000008e-01
1.892000000000000071e-01
5.056000000000000494e-01
5.683000000000000274e-01
5.231999999999999984e-01
6.508000000000000451e-01
6.949999999999999512e-01
6.664999999999999813e-01
7.310999999999999721e-01
7.931000000000000272e-01
7.637000000000000455e-01
7.207000000000000073e-01
7.335000000000000409e-01
7.321999999999999620e-01
8.354000000000000314e-01
7.461999999999999744e-01
8.084000000000000075e-01
7.315000000000000391e-01
8.108999999999999542e-01
8.682999999999999607e-01
