1.000000000000000056e-01
3.266000000000000014e-01
1.718000000000000083e-01
5.272000000000000020e-01
4.682000000000000051e-01
4.747999999999999998e-01
6.654999999999999805e-01
7.094000000000000306e-01
6.584999999999999742e-01
6.467000000000000526e-01
8.021000000000000352e-01
7.463999999999999524e-01
7.665999999999999481e-01
7.288999999999999924e-01
6.837999999999999634e-01
7.860000000000000320e-01
6.749000000000000554e-01
7.497000000000000330e-01
6.543999999999999817e-01
8.034999999999999920e-01
7.905999999999999694e-01
