1.000000000000000056e-01
1.852999999999999925e-01
2.381000000000000061e-01
3.375000000000000222e-01
3.815000000000000058e-01
2.154000000000000081e-01
4.292000000000000259e-01
4.739999999999999769e-01
5.401000000000000245e-01
4.812000000000000166e-01
5.958999999999999853e-01
5.421000000000000263e-01
5.290000000000000258e-01
5.171000000000000041e-01
4.944000000000000061e-01
6.259000000000000119e-01
5.149000000000000243e-01
5.026000000000000467e-01
5.921999999999999487e-01
6.072999999999999510e-01
5.545999999999999819e-01
