1.000000000000000056e-01
3.175000000000000044e-01
6.165000000000000480e-01
7.175000000000000266e-01
7.499000000000000110e-01
7.852000000000000091e-01
8.208999999999999631e-01
8.709999999999999964e-01
8.587000000000000188e-01
8.846000000000000529e-01
8.813999999999999613e-01
8.989000000000000323e-01
9.032000000000000028e-01
8.913999999999999702e-01
9.119000000000000439e-01
9.137999999999999456e-01
9.086999999999999522e-01
9.153000000000000025e-01
9.202000000000000179e-01
9.091000000000000192e-01
9.191000000000000281e-01
