1.000000000000000056e-01
5.496999999999999664e-01
8.287999999999999812e-01
8.943999999999999728e-01
9.167999999999999483e-01
9.194999999999999840e-01
9.293000000000000149e-01
9.345999999999999863e-01
9.415000000000000036e-01
9.461000000000000520e-01
9.483000000000000318e-01
9.491000000000000547e-01
9.505000000000000115e-01
9.543000000000000371e-01
9.566000000000000059e-01
9.540999999999999481e-01
9.560999999999999499e-01
9.570999999999999508e-01
9.595000000000000195e-01
9.596000000000000085e-01
9.586999999999999966e-01
