1.000000000000000056e-01
1.612999999999999989e-01
2.624000000000000221e-01
2.416999999999999982e-01
3.516000000000000236e-01
4.088999999999999857e-01
3.385000000000000231e-01
4.112999999999999989e-01
4.208999999999999964e-01
4.072999999999999954e-01
3.195000000000000062e-01
5.260000000000000231e-01
4.872000000000000219e-01
5.797999999999999821e-01
5.655999999999999917e-01
5.937999999999999945e-01
5.806000000000000050e-01
5.997000000000000108e-01
5.533000000000000140e-01
5.268000000000000460e-01
5.250000000000000222e-01
