1.000000000000000056e-01
1.948000000000000009e-01
2.384000000000000008e-01
4.646000000000000130e-01
5.158000000000000362e-01
5.467999999999999527e-01
6.304999999999999494e-01
5.868999999999999773e-01
7.141999999999999460e-01
7.976999999999999647e-01
7.753999999999999782e-01
7.382999999999999563e-01
7.391999999999999682e-01
8.060000000000000497e-01
8.997000000000000552e-01
8.557000000000000162e-01
8.300999999999999490e-01
8.981000000000000094e-01
8.856000000000000538e-01
9.194999999999999840e-01
8.970000000000000195e-01
