1.000000000000000056e-01
2.977000000000000202e-01
4.132000000000000117e-01
3.537000000000000144e-01
5.469000000000000528e-01
3.650999999999999801e-01
5.990999999999999659e-01
6.092999999999999527e-01
6.431999999999999940e-01
7.258000000000000007e-01
7.858000000000000540e-01
7.703999999999999737e-01
7.896999999999999575e-01
7.177999999999999936e-01
7.415000000000000480e-01
8.013000000000000123e-01
7.029999999999999583e-01
7.114000000000000323e-01
7.349999999999999867e-01
8.401999999999999469e-01
7.354000000000000536e-01
