1.000000000000000056e-01
1.534000000000000086e-01
2.263000000000000012e-01
2.690000000000000169e-01
3.740999999999999881e-01
4.461999999999999855e-01
4.434000000000000163e-01
5.548999999999999488e-01
6.509000000000000341e-01
6.798999999999999488e-01
6.336000000000000520e-01
6.443999999999999728e-01
6.165000000000000480e-01
7.570000000000000062e-01
8.005999999999999783e-01
7.986999999999999655e-01
8.199999999999999512e-01
8.554000000000000492e-01
7.761000000000000121e-01
7.401999999999999691e-01
7.689000000000000279e-01
