1.000000000000000056e-01
1.932999999999999996e-01
2.926000000000000267e-01
3.521000000000000241e-01
4.521000000000000019e-01
3.947999999999999843e-01
5.537999999999999590e-01
5.235999999999999543e-01
5.918999999999999817e-01
6.353999999999999648e-01
6.290999999999999925e-01
5.793000000000000371e-01
6.135000000000000453e-01
6.493999999999999773e-01
7.547000000000000375e-01
7.066999999999999948e-01
6.686999999999999611e-01
7.580999999999999961e-01
7.408000000000000140e-01
7.332999999999999519e-01
8.226999999999999869e-01
