1.000000000000000056e-01
3.478999999999999870e-01
4.551000000000000045e-01
4.037999999999999923e-01
5.863000000000000433e-01
4.526999999999999913e-01
7.144000000000000350e-01
7.572999999999999732e-01
7.339999999999999858e-01
7.123000000000000442e-01
7.560000000000000053e-01
8.430999999999999606e-01
8.474000000000000421e-01
7.866999999999999549e-01
8.016999999999999682e-01
8.114999999999999991e-01
7.790000000000000258e-01
8.007999999999999563e-01
7.734999999999999654e-01
8.640999999999999792e-01
7.568000000000000282e-01
