1.000000000000000056e-01
1.971999999999999864e-01
2.782999999999999918e-01
3.835000000000000075e-01
4.373000000000000220e-01
5.003999999999999559e-01
5.434999999999999831e-01
6.317000000000000393e-01
7.246000000000000218e-01
7.469999999999999973e-01
6.790000000000000480e-01
7.235000000000000320e-01
6.631000000000000227e-01
8.082000000000000295e-01
8.646000000000000352e-01
8.881999999999999895e-01
8.538000000000000034e-01
8.767000000000000348e-01
8.167999999999999705e-01
7.658000000000000362e-01
8.391999999999999460e-01
