1.000000000000000056e-01
1.847999999999999921e-01
4.121000000000000218e-01
5.181999999999999940e-01
5.645000000000000018e-01
4.864999999999999880e-01
6.336000000000000520e-01
5.576999999999999735e-01
6.814000000000000057e-01
7.485000000000000542e-01
7.140999999999999570e-01
6.964000000000000190e-01
6.891000000000000458e-01
7.412999999999999590e-01
7.771000000000000130e-01
7.072000000000000508e-01
7.362999999999999545e-01
8.043000000000000149e-01
7.625999999999999446e-01
8.490999999999999659e-01
8.495000000000000329e-01
