1.000000000000000056e-01
1.900999999999999912e-01
4.389000000000000123e-01
4.111000000000000210e-01
5.462000000000000188e-01
7.104000000000000314e-01
7.116000000000000103e-01
7.025000000000000133e-01
6.972000000000000419e-01
7.422999999999999599e-01
7.645999999999999464e-01
7.851000000000000201e-01
8.036999999999999700e-01
7.671000000000000041e-01
7.662999999999999812e-01
8.090000000000000524e-01
7.758000000000000451e-01
7.833999999999999853e-01
8.205000000000000071e-01
7.691999999999999948e-01
7.476000000000000423e-01
