1.000000000000000056e-01
6.885000000000000009e-01
8.649000000000000021e-01
9.179000000000000492e-01
9.296999999999999709e-01
9.373000000000000220e-01
9.432000000000000384e-01
9.437999999999999723e-01
9.456999999999999851e-01
9.471000000000000529e-01
9.489999999999999547e-01
9.500999999999999446e-01
9.542000000000000481e-01
9.556999999999999940e-01
9.592000000000000526e-01
9.585000000000000187e-01
9.596000000000000085e-01
9.596000000000000085e-01
9.602000000000000535e-01
9.593000000000000416e-01
9.602000000000000535e-01
