1.000000000000000056e-01
2.747999999999999887e-01
2.369999999999999885e-01
3.039999999999999925e-01
3.975000000000000200e-01
2.856000000000000205e-01
3.839000000000000190e-01
5.187000000000000499e-01
6.105000000000000426e-01
6.633999999999999897e-01
7.088999999999999746e-01
5.721000000000000529e-01
6.050999999999999712e-01
3.186999999999999833e-01
4.748999999999999888e-01
5.890999999999999570e-01
5.091999999999999860e-01
5.577999999999999625e-01
4.949999999999999956e-01
5.250000000000000222e-01
4.814999999999999836e-01
