1.000000000000000056e-01
7.694999999999999618e-01
8.935999999999999499e-01
9.116999999999999549e-01
9.320000000000000506e-01
9.345999999999999863e-01
9.341000000000000414e-01
9.321000000000000396e-01
9.351000000000000423e-01
9.427999999999999714e-01
9.407999999999999696e-01
9.448999999999999622e-01
9.444000000000000172e-01
9.419999999999999485e-01
9.471000000000000529e-01
9.445000000000000062e-01
9.459999999999999520e-01
9.442000000000000393e-01
9.408999999999999586e-01
9.415999999999999925e-01
9.408999999999999586e-01
