1.000000000000000056e-01
3.487999999999999989e-01
3.266000000000000014e-01
3.452000000000000068e-01
5.137000000000000455e-01
4.955999999999999850e-01
6.600000000000000311e-01
7.002000000000000446e-01
7.310999999999999721e-01
7.590999999999999970e-01
8.188999999999999613e-01
7.603999999999999648e-01
8.811999999999999833e-01
6.979999999999999538e-01
7.882000000000000117e-01
7.104000000000000314e-01
7.173000000000000487e-01
7.872000000000000108e-01
7.989000000000000545e-01
7.740000000000000213e-01
7.188999999999999835e-01
