1.000000000000000056e-01
3.131999999999999784e-01
2.030000000000000138e-01
5.362999999999999989e-01
5.316999999999999504e-01
5.072999999999999732e-01
6.661000000000000254e-01
7.218999999999999861e-01
6.792000000000000259e-01
6.899999999999999467e-01
7.931000000000000272e-01
7.550000000000000044e-01
7.367000000000000215e-01
7.300999999999999712e-01
7.090999999999999526e-01
8.266999999999999904e-01
7.025000000000000133e-01
7.830000000000000293e-01
6.947999999999999732e-01
7.970000000000000417e-01
8.033000000000000140e-01
