1.000000000000000056e-01
1.935000000000000053e-01
3.418999999999999817e-01
4.380000000000000004e-01
4.959999999999999964e-01
4.754999999999999782e-01
5.978999999999999870e-01
5.658999999999999586e-01
6.611000000000000210e-01
7.499000000000000110e-01
7.281999999999999584e-01
6.947999999999999732e-01
7.034000000000000252e-01
7.529000000000000137e-01
8.588999999999999968e-01
7.590999999999999970e-01
7.548000000000000265e-01
8.558000000000000052e-01
8.129999999999999449e-01
8.416000000000000147e-01
8.659000000000000030e-01
