1.000000000000000056e-01
2.780000000000000249e-01
3.677000000000000268e-01
3.215000000000000080e-01
4.583999999999999742e-01
2.210000000000000020e-01
5.745999999999999996e-01
4.864999999999999880e-01
5.783000000000000362e-01
4.860999999999999766e-01
6.834000000000000075e-01
6.538000000000000478e-01
6.197000000000000286e-01
4.941999999999999726e-01
5.793000000000000371e-01
6.985000000000000098e-01
5.256999999999999451e-01
6.109999999999999876e-01
6.116000000000000325e-01
6.137000000000000233e-01
5.824000000000000288e-01
