1.000000000000000056e-01
1.292000000000000093e-01
4.015000000000000235e-01
6.441000000000000059e-01
6.632000000000000117e-01
6.036000000000000254e-01
6.681000000000000272e-01
6.279000000000000137e-01
7.711000000000000076e-01
8.295000000000000151e-01
8.219999999999999529e-01
7.969000000000000528e-01
7.775999999999999579e-01
8.581999999999999629e-01
8.221000000000000529e-01
7.675999999999999490e-01
8.347999999999999865e-01
8.499999999999999778e-01
8.127999999999999670e-01
9.205999999999999739e-01
8.745000000000000551e-01
