1.000000000000000056e-01
3.247999999999999776e-01
3.217999999999999750e-01
3.392999999999999905e-01
5.099000000000000199e-01
5.030999999999999917e-01
6.281999999999999806e-01
6.675999999999999712e-01
7.268999999999999906e-01
7.226000000000000201e-01
8.133000000000000229e-01
7.830000000000000293e-01
8.836000000000000520e-01
7.747000000000000552e-01
8.084000000000000075e-01
7.409999999999999920e-01
7.576000000000000512e-01
8.032000000000000250e-01
8.512999999999999456e-01
7.780000000000000249e-01
7.498000000000000220e-01
