1.000000000000000056e-01
2.896000000000000241e-01
5.756999999999999895e-01
6.927999999999999714e-01
7.450999999999999845e-01
8.035999999999999810e-01
8.125999999999999890e-01
8.901999999999999913e-01
8.948000000000000398e-01
8.874999999999999556e-01
8.888000000000000345e-01
8.703999999999999515e-01
8.866000000000000547e-01
9.046999999999999487e-01
9.010000000000000231e-01
8.949000000000000288e-01
8.935999999999999499e-01
9.014999999999999680e-01
9.105999999999999650e-01
9.021000000000000130e-01
9.078000000000000513e-01
