1.000000000000000056e-01
3.266999999999999904e-01
4.264999999999999902e-01
3.783000000000000251e-01
5.311000000000000165e-01
3.427000000000000046e-01
7.027999999999999803e-01
6.647999999999999465e-01
7.058999999999999719e-01
6.643000000000000016e-01
7.450999999999999845e-01
7.579000000000000181e-01
7.942000000000000171e-01
6.529000000000000359e-01
7.076999999999999957e-01
7.979000000000000536e-01
6.622999999999999998e-01
7.076000000000000068e-01
7.032000000000000473e-01
8.017999999999999572e-01
6.977999999999999758e-01
