1.000000000000000056e-01
1.569000000000000117e-01
3.931999999999999940e-01
4.774999999999999800e-01
5.929999999999999716e-01
5.364999999999999769e-01
6.133999999999999453e-01
5.143999999999999684e-01
6.818999999999999506e-01
7.711000000000000076e-01
7.395000000000000462e-01
6.985000000000000098e-01
6.753000000000000114e-01
7.180999999999999606e-01
7.600000000000000089e-01
6.975000000000000089e-01
7.180999999999999606e-01
7.290999999999999703e-01
7.065000000000000169e-01
7.705999999999999517e-01
8.352000000000000535e-01
