1.000000000000000056e-01
2.823999999999999844e-01
3.090999999999999859e-01
3.154000000000000137e-01
4.655000000000000249e-01
4.638999999999999790e-01
5.473000000000000087e-01
5.770999999999999464e-01
6.878999999999999559e-01
6.881000000000000449e-01
7.691999999999999948e-01
7.492999999999999661e-01
8.475000000000000311e-01
6.870000000000000551e-01
7.540999999999999925e-01
6.840000000000000524e-01
7.247000000000000108e-01
7.675999999999999490e-01
7.965999999999999748e-01
7.395000000000000462e-01
6.833000000000000185e-01
