1.000000000000000056e-01
2.535000000000000031e-01
1.193000000000000033e-01
3.189000000000000168e-01
2.931000000000000272e-01
3.755999999999999894e-01
4.882000000000000228e-01
4.405000000000000027e-01
4.771000000000000241e-01
4.867000000000000215e-01
5.965000000000000302e-01
5.597999999999999643e-01
4.798999999999999932e-01
4.692000000000000060e-01
4.302000000000000268e-01
5.656999999999999806e-01
4.208000000000000074e-01
5.715000000000000080e-01
5.325999999999999623e-01
5.580000000000000515e-01
6.308000000000000274e-01
