1.000000000000000056e-01
2.530000000000000027e-01
2.235000000000000042e-01
4.028999999999999804e-01
5.436999999999999611e-01
6.173999999999999488e-01
6.723999999999999977e-01
6.676999999999999602e-01
7.530000000000000027e-01
6.878999999999999559e-01
7.166000000000000147e-01
7.039999999999999591e-01
7.704999999999999627e-01
7.350999999999999757e-01
7.530000000000000027e-01
7.591999999999999860e-01
7.175000000000000266e-01
7.759000000000000341e-01
7.784999999999999698e-01
7.952000000000000179e-01
8.289999999999999591e-01
