1.000000000000000056e-01
1.915999999999999925e-01
6.657999999999999474e-01
7.803999999999999826e-01
8.269999999999999574e-01
8.085999999999999854e-01
8.308999999999999719e-01
8.727000000000000313e-01
8.800999999999999934e-01
8.961000000000000076e-01
9.082999999999999963e-01
9.022999999999999909e-01
8.892999999999999794e-01
8.857000000000000428e-01
8.741999999999999771e-01
8.763999999999999568e-01
9.093999999999999861e-01
9.103999999999999870e-01
9.092999999999999972e-01
9.141000000000000236e-01
9.069000000000000394e-01
