1.000000000000000056e-01
2.386999999999999955e-01
2.172000000000000042e-01
3.501000000000000223e-01
4.002000000000000002e-01
4.295999999999999819e-01
3.973999999999999755e-01
4.265999999999999792e-01
5.636999999999999789e-01
5.784000000000000252e-01
3.780000000000000027e-01
6.168000000000000149e-01
5.534000000000000030e-01
6.068000000000000060e-01
6.618000000000000549e-01
6.525999999999999579e-01
6.710000000000000409e-01
6.385999999999999455e-01
5.665000000000000036e-01
5.685999999999999943e-01
6.206000000000000405e-01
