1.000000000000000056e-01
3.587000000000000188e-01
3.457000000000000073e-01
3.610999999999999766e-01
5.262999999999999901e-01
4.783999999999999919e-01
6.130999999999999783e-01
6.727999999999999536e-01
7.225000000000000311e-01
7.651000000000000023e-01
8.098999999999999533e-01
7.287000000000000144e-01
8.782999999999999696e-01
6.861000000000000432e-01
7.489999999999999991e-01
7.065000000000000169e-01
7.035000000000000142e-01
7.953000000000000069e-01
7.721000000000000085e-01
7.418000000000000149e-01
6.814999999999999947e-01
