1.000000000000000056e-01
2.691999999999999948e-01
2.903999999999999915e-01
2.919999999999999818e-01
5.049000000000000155e-01
2.929999999999999827e-01
5.504999999999999893e-01
5.578999999999999515e-01
5.906000000000000139e-01
6.893000000000000238e-01
7.532999999999999696e-01
6.843000000000000194e-01
7.276000000000000245e-01
6.619000000000000439e-01
6.565999999999999615e-01
7.550000000000000044e-01
6.682000000000000162e-01
6.745999999999999774e-01
7.279999999999999805e-01
8.095999999999999863e-01
7.123000000000000442e-01
