1.000000000000000056e-01
2.897000000000000131e-01
2.076000000000000068e-01
3.548999999999999932e-01
5.010999999999999899e-01
4.978000000000000203e-01
6.846999999999999753e-01
7.620999999999999996e-01
7.407000000000000250e-01
7.189999999999999725e-01
6.911000000000000476e-01
6.524999999999999689e-01
7.788000000000000478e-01
7.755999999999999561e-01
7.669000000000000261e-01
7.116000000000000103e-01
7.475000000000000533e-01
7.654999999999999583e-01
7.592999999999999750e-01
7.604999999999999538e-01
7.342999999999999527e-01
