1.000000000000000056e-01
6.706999999999999629e-01
8.556000000000000272e-01
8.945999999999999508e-01
8.950000000000000178e-01
9.245999999999999774e-01
9.239000000000000545e-01
9.328999999999999515e-01
9.341000000000000414e-01
9.348999999999999533e-01
9.370000000000000551e-01
9.432000000000000384e-01
9.419999999999999485e-01
9.405999999999999917e-01
9.467999999999999750e-01
9.412000000000000366e-01
9.445999999999999952e-01
9.443000000000000282e-01
9.474000000000000199e-01
9.428999999999999604e-01
9.496999999999999886e-01
