1.000000000000000056e-01
3.222999999999999754e-01
3.437999999999999945e-01
3.864000000000000212e-01
5.067000000000000393e-01
5.443000000000000060e-01
6.949999999999999512e-01
7.196000000000000174e-01
7.587000000000000410e-01
7.703999999999999737e-01
8.308999999999999719e-01
8.276999999999999913e-01
9.145999999999999686e-01
8.308999999999999719e-01
8.794999999999999485e-01
8.147999999999999687e-01
8.259999999999999565e-01
8.599999999999999867e-01
9.011000000000000121e-01
8.430999999999999606e-01
8.158999999999999586e-01
