1.000000000000000056e-01
5.868999999999999773e-01
8.138999999999999568e-01
8.938000000000000389e-01
9.143999999999999906e-01
9.316999999999999726e-01
9.402000000000000357e-01
9.407999999999999696e-01
9.417999999999999705e-01
9.452000000000000401e-01
9.465999999999999970e-01
9.507999999999999785e-01
9.540999999999999481e-01
9.516000000000000014e-01
9.507999999999999785e-01
9.522000000000000464e-01
9.559999999999999609e-01
9.596000000000000085e-01
9.594000000000000306e-01
9.599999999999999645e-01
9.619999999999999662e-01
