1.000000000000000056e-01
2.872000000000000108e-01
5.179000000000000270e-01
4.566999999999999948e-01
6.441999999999999948e-01
6.828999999999999515e-01
6.370999999999999996e-01
7.410999999999999810e-01
7.127999999999999892e-01
7.436000000000000387e-01
7.763999999999999790e-01
7.587000000000000410e-01
7.428000000000000158e-01
7.365000000000000435e-01
7.517000000000000348e-01
7.510000000000000009e-01
7.477000000000000313e-01
8.016999999999999682e-01
8.332000000000000517e-01
7.669000000000000261e-01
7.996999999999999664e-01
