1.000000000000000056e-01
1.748000000000000109e-01
1.995999999999999996e-01
3.561000000000000276e-01
3.689999999999999947e-01
3.684999999999999942e-01
4.698999999999999844e-01
3.885000000000000120e-01
4.995999999999999885e-01
5.516999999999999682e-01
5.873000000000000442e-01
5.691000000000000503e-01
4.643999999999999795e-01
5.027000000000000357e-01
5.997999999999999998e-01
5.819999999999999618e-01
5.283999999999999808e-01
5.728999999999999648e-01
4.406999999999999806e-01
5.201999999999999957e-01
5.362999999999999989e-01
