1.000000000000000056e-01
1.859999999999999987e-01
4.469000000000000195e-01
6.232999999999999652e-01
6.991000000000000547e-01
6.360999999999999988e-01
6.735999999999999766e-01
7.219999999999999751e-01
7.607000000000000428e-01
7.554999999999999494e-01
7.382999999999999563e-01
7.844999999999999751e-01
7.219999999999999751e-01
7.884999999999999787e-01
7.456000000000000405e-01
7.305000000000000382e-01
7.821000000000000174e-01
7.937999999999999501e-01
8.075999999999999845e-01
7.903999999999999915e-01
8.242000000000000437e-01
