1.000000000000000056e-01
3.815000000000000058e-01
7.923000000000000043e-01
8.708000000000000185e-01
9.056999999999999496e-01
9.193999999999999950e-01
9.344999999999999973e-01
9.415999999999999925e-01
9.464000000000000190e-01
9.485999999999999988e-01
9.495000000000000107e-01
9.491000000000000547e-01
9.529999999999999583e-01
9.559999999999999609e-01
9.570999999999999508e-01
9.556999999999999940e-01
9.586999999999999966e-01
9.576000000000000068e-01
9.610999999999999543e-01
9.616000000000000103e-01
9.617999999999999883e-01
