1.000000000000000056e-01
3.054000000000000048e-01
2.565999999999999948e-01
5.917000000000000037e-01
5.694000000000000172e-01
5.072999999999999732e-01
6.824000000000000066e-01
7.391999999999999682e-01
7.314000000000000501e-01
7.550000000000000044e-01
8.155000000000000027e-01
7.795999999999999597e-01
7.466000000000000414e-01
7.823999999999999844e-01
7.763999999999999790e-01
8.425000000000000266e-01
7.993999999999999995e-01
8.204000000000000181e-01
7.546000000000000485e-01
8.266999999999999904e-01
8.981000000000000094e-01
