1.000000000000000056e-01
6.832000000000000295e-01
8.566000000000000281e-01
9.184999999999999831e-01
9.183000000000000052e-01
9.327999999999999625e-01
9.401000000000000467e-01
9.352000000000000313e-01
9.345999999999999863e-01
9.402000000000000357e-01
9.414000000000000146e-01
9.445999999999999952e-01
9.394000000000000128e-01
9.413000000000000256e-01
9.375999999999999890e-01
9.455000000000000071e-01
9.477999999999999758e-01
9.495000000000000107e-01
9.525000000000000133e-01
9.529999999999999583e-01
9.522000000000000464e-01
