1.000000000000000056e-01
3.035999999999999810e-01
6.404999999999999583e-01
7.919000000000000483e-01
8.447000000000000064e-01
8.719000000000000083e-01
8.980000000000000204e-01
8.888000000000000345e-01
8.860999999999999988e-01
8.991000000000000103e-01
9.005999999999999561e-01
9.063999999999999835e-01
9.080000000000000293e-01
9.091000000000000192e-01
9.031000000000000139e-01
9.091000000000000192e-01
9.136999999999999567e-01
9.190000000000000391e-01
9.132000000000000117e-01
9.062000000000000055e-01
9.104999999999999760e-01
