1.000000000000000056e-01
2.185999999999999888e-01
1.009000000000000036e-01
4.909000000000000030e-01
3.375000000000000222e-01
3.548999999999999932e-01
5.014999999999999458e-01
5.332000000000000073e-01
4.965999999999999859e-01
5.794000000000000261e-01
6.680000000000000382e-01
5.779999999999999583e-01
6.061999999999999611e-01
6.117000000000000215e-01
5.961999999999999522e-01
6.516999999999999460e-01
6.639000000000000457e-01
6.553999999999999826e-01
5.956000000000000183e-01
7.086000000000000076e-01
6.631000000000000227e-01
