1.000000000000000056e-01
1.907999999999999974e-01
4.842000000000000193e-01
5.309000000000000385e-01
6.610000000000000320e-01
7.136000000000000121e-01
7.679000000000000270e-01
7.980000000000000426e-01
8.162000000000000366e-01
8.330999999999999517e-01
8.443000000000000504e-01
8.562999999999999501e-01
8.658000000000000140e-01
8.760000000000000009e-01
8.772999999999999687e-01
8.794999999999999485e-01
8.887000000000000455e-01
8.934999999999999609e-01
8.991000000000000103e-01
8.968000000000000416e-01
8.999000000000000332e-01
