1.000000000000000056e-01
1.032000000000000001e-01
4.124999999999999778e-01
1.889000000000000123e-01
4.124999999999999778e-01
2.853999999999999870e-01
5.038000000000000256e-01
5.140000000000000124e-01
5.103999999999999648e-01
5.000999999999999890e-01
6.121999999999999664e-01
6.320000000000000062e-01
6.366000000000000547e-01
5.446999999999999620e-01
5.553000000000000158e-01
7.028999999999999693e-01
5.718999999999999639e-01
6.257000000000000339e-01
5.130000000000000115e-01
7.214000000000000412e-01
5.455999999999999739e-01
