1.000000000000000056e-01
1.018000000000000016e-01
1.870999999999999885e-01
3.310000000000000164e-01
3.141999999999999793e-01
2.104000000000000037e-01
5.141999999999999904e-01
5.102999999999999758e-01
5.466999999999999638e-01
6.129999999999999893e-01
6.937999999999999723e-01
6.562000000000000055e-01
7.453999999999999515e-01
5.204999999999999627e-01
5.634000000000000119e-01
5.946000000000000174e-01
5.548999999999999488e-01
6.677999999999999492e-01
5.848999999999999755e-01
5.695000000000000062e-01
5.927999999999999936e-01
