1.000000000000000056e-01
2.106999999999999984e-01
2.965999999999999748e-01
5.229000000000000314e-01
6.238000000000000211e-01
6.858999999999999542e-01
7.366000000000000325e-01
7.733999999999999764e-01
7.907999999999999474e-01
7.929000000000000492e-01
8.211000000000000520e-01
8.205999999999999961e-01
8.409999999999999698e-01
8.454000000000000403e-01
8.509999999999999787e-01
8.549999999999999822e-01
8.586000000000000298e-01
8.626000000000000334e-01
8.641999999999999682e-01
8.662999999999999590e-01
8.640999999999999792e-01
