1.000000000000000056e-01
1.764999999999999902e-01
4.227000000000000202e-01
4.862000000000000210e-01
6.246000000000000441e-01
5.956000000000000183e-01
6.649000000000000465e-01
7.054000000000000270e-01
7.165000000000000258e-01
7.409999999999999920e-01
7.633999999999999675e-01
7.789000000000000368e-01
8.024999999999999911e-01
8.091000000000000414e-01
8.249999999999999556e-01
8.256000000000000005e-01
8.370999999999999552e-01
8.497000000000000108e-01
8.581999999999999629e-01
8.541999999999999593e-01
8.585000000000000409e-01
