1.000000000000000056e-01
1.032000000000000001e-01
2.270999999999999963e-01
9.819999999999999563e-02
2.078000000000000125e-01
1.150999999999999940e-01
2.813999999999999835e-01
2.576999999999999846e-01
3.881999999999999895e-01
3.796999999999999820e-01
3.808000000000000274e-01
4.811000000000000276e-01
4.838999999999999968e-01
4.007999999999999896e-01
5.230000000000000204e-01
5.735000000000000098e-01
4.793000000000000038e-01
5.397999999999999465e-01
4.631000000000000116e-01
6.440000000000000169e-01
4.989999999999999991e-01
