1.000000000000000056e-01
2.006000000000000005e-01
4.939000000000000057e-01
5.114999999999999547e-01
6.814000000000000057e-01
7.237999999999999989e-01
7.863999999999999879e-01
8.158999999999999586e-01
8.306999999999999940e-01
8.451999999999999513e-01
8.628000000000000114e-01
8.643999999999999462e-01
8.736000000000000432e-01
8.839000000000000190e-01
8.862999999999999767e-01
8.830000000000000071e-01
8.975999999999999535e-01
8.967000000000000526e-01
9.008000000000000451e-01
9.002999999999999892e-01
9.021000000000000130e-01
