1.000000000000000056e-01
9.239999999999999603e-02
1.363999999999999935e-01
3.665999999999999814e-01
4.262000000000000233e-01
3.381000000000000116e-01
4.708999999999999853e-01
3.367999999999999883e-01
5.299000000000000377e-01
5.328000000000000513e-01
6.276000000000000467e-01
5.985000000000000320e-01
4.778000000000000025e-01
5.925000000000000266e-01
6.431999999999999940e-01
5.770999999999999464e-01
5.675000000000000044e-01
6.767999999999999572e-01
6.651000000000000245e-01
7.255000000000000338e-01
7.419000000000000039e-01
