1.000000000000000056e-01
1.032000000000000001e-01
4.117000000000000104e-01
2.011999999999999900e-01
4.126000000000000223e-01
2.690000000000000169e-01
5.181000000000000050e-01
5.225999999999999535e-01
5.153999999999999693e-01
5.080000000000000071e-01
6.118999999999999995e-01
6.609000000000000430e-01
6.695999999999999730e-01
5.715000000000000080e-01
6.222999999999999643e-01
6.774000000000000021e-01
6.041999999999999593e-01
6.322999999999999732e-01
5.536999999999999700e-01
7.574999999999999512e-01
6.032999999999999474e-01
