1.000000000000000056e-01
1.917000000000000093e-01
3.543999999999999928e-01
5.083999999999999631e-01
6.316000000000000503e-01
6.802000000000000268e-01
7.539000000000000146e-01
7.994999999999999885e-01
8.288999999999999702e-01
8.336999999999999966e-01
8.445000000000000284e-01
8.588999999999999968e-01
8.750000000000000000e-01
8.819000000000000172e-01
8.860999999999999988e-01
8.829000000000000181e-01
8.981000000000000094e-01
8.975999999999999535e-01
8.992999999999999883e-01
8.968000000000000416e-01
8.995999999999999552e-01
