1.000000000000000056e-01
1.656999999999999862e-01
2.144000000000000072e-01
3.380000000000000226e-01
4.555000000000000160e-01
5.302000000000000046e-01
6.064000000000000501e-01
6.797999999999999599e-01
7.025000000000000133e-01
7.421999999999999709e-01
7.661000000000000032e-01
7.579000000000000181e-01
7.815999999999999615e-01
7.842999999999999972e-01
8.002000000000000224e-01
8.106999999999999762e-01
8.122000000000000330e-01
8.296999999999999931e-01
8.363000000000000433e-01
8.317999999999999838e-01
8.245999999999999996e-01
