1.000000000000000056e-01
2.051999999999999935e-01
4.128000000000000003e-01
5.835000000000000187e-01
6.086000000000000298e-01
7.003000000000000336e-01
7.186000000000000165e-01
7.475000000000000533e-01
7.749000000000000332e-01
7.951000000000000290e-01
8.004999999999999893e-01
8.095999999999999863e-01
8.198999999999999622e-01
8.236999999999999877e-01
8.340999999999999526e-01
8.469999999999999751e-01
8.518000000000000016e-01
8.568999999999999950e-01
8.545000000000000373e-01
8.632999999999999563e-01
8.595000000000000417e-01
