1.000000000000000056e-01
1.685999999999999999e-01
1.009000000000000036e-01
3.580999999999999739e-01
1.900000000000000022e-01
1.925000000000000044e-01
3.952999999999999847e-01
4.777000000000000135e-01
3.754000000000000115e-01
4.689999999999999725e-01
5.795000000000000151e-01
5.127000000000000446e-01
5.523000000000000131e-01
5.587999999999999634e-01
5.423000000000000043e-01
6.351999999999999869e-01
6.057000000000000162e-01
6.443999999999999728e-01
5.744000000000000217e-01
7.037999999999999812e-01
6.277000000000000357e-01
