1.000000000000000056e-01
1.948999999999999899e-01
3.150999999999999912e-01
5.093999999999999639e-01
5.293999999999999817e-01
6.042999999999999483e-01
6.213999999999999524e-01
6.807999999999999607e-01
6.937999999999999723e-01
7.226000000000000201e-01
7.278000000000000025e-01
7.321999999999999620e-01
7.482999999999999652e-01
7.426000000000000378e-01
7.629000000000000226e-01
7.672999999999999821e-01
7.741000000000000103e-01
7.822000000000000064e-01
7.762000000000000011e-01
8.014999999999999902e-01
7.964999999999999858e-01
