1.000000000000000056e-01
1.032000000000000001e-01
2.938000000000000056e-01
1.262999999999999956e-01
2.459000000000000075e-01
1.839000000000000079e-01
3.479999999999999760e-01
3.765000000000000013e-01
4.530000000000000138e-01
4.737999999999999989e-01
5.455999999999999739e-01
6.180999999999999828e-01
6.302999999999999714e-01
5.368000000000000549e-01
6.299000000000000155e-01
6.671000000000000263e-01
5.951999999999999513e-01
6.118999999999999995e-01
5.963000000000000522e-01
7.504999999999999449e-01
6.394999999999999574e-01
