1.000000000000000056e-01
9.030000000000000526e-02
1.537000000000000033e-01
4.375999999999999890e-01
4.870999999999999774e-01
4.542999999999999816e-01
5.012999999999999678e-01
3.734000000000000097e-01
5.691000000000000503e-01
5.866000000000000103e-01
6.948999999999999622e-01
6.595999999999999641e-01
5.512000000000000233e-01
6.602000000000000091e-01
6.605999999999999650e-01
6.529000000000000359e-01
6.808999999999999497e-01
7.210999999999999632e-01
7.428000000000000158e-01
7.668000000000000371e-01
7.793999999999999817e-01
