1.000000000000000056e-01
2.112999999999999878e-01
2.447999999999999898e-01
3.855999999999999983e-01
3.467999999999999972e-01
2.439000000000000057e-01
5.584999999999999964e-01
5.671000000000000485e-01
6.241999999999999771e-01
6.241999999999999771e-01
7.297000000000000153e-01
7.147000000000000020e-01
7.718000000000000416e-01
5.175999999999999490e-01
6.952000000000000401e-01
7.258000000000000007e-01
6.696999999999999620e-01
7.560999999999999943e-01
7.107999999999999874e-01
6.965999999999999970e-01
6.818999999999999506e-01
