1.000000000000000056e-01
9.819999999999999563e-02
1.849000000000000088e-01
1.998000000000000054e-01
2.479999999999999982e-01
1.275000000000000022e-01
2.716000000000000081e-01
2.921000000000000263e-01
4.008999999999999786e-01
2.472999999999999921e-01
5.607999999999999652e-01
5.081999999999999851e-01
5.667999999999999705e-01
2.384999999999999898e-01
3.585999999999999743e-01
5.511000000000000343e-01
4.550000000000000155e-01
5.441000000000000281e-01
5.120000000000000107e-01
4.924000000000000044e-01
4.721000000000000196e-01
