1.000000000000000056e-01
1.927999999999999992e-01
2.001000000000000001e-01
1.910000000000000031e-01
3.054000000000000048e-01
3.456000000000000183e-01
3.311000000000000054e-01
4.220999999999999752e-01
4.898000000000000131e-01
5.654000000000000137e-01
4.037999999999999923e-01
5.162999999999999812e-01
5.207000000000000517e-01
5.707999999999999741e-01
6.309000000000000163e-01
6.632000000000000117e-01
6.444999999999999618e-01
6.757999999999999563e-01
6.532000000000000028e-01
5.721000000000000529e-01
6.156000000000000361e-01
