1.000000000000000056e-01
1.325000000000000067e-01
1.009000000000000036e-01
2.311999999999999889e-01
1.471999999999999975e-01
1.718000000000000083e-01
3.397999999999999909e-01
4.127000000000000113e-01
2.973000000000000087e-01
3.695999999999999841e-01
4.374000000000000110e-01
2.797000000000000042e-01
3.771999999999999797e-01
4.442999999999999727e-01
3.723000000000000198e-01
5.194999999999999618e-01
5.256999999999999451e-01
5.620000000000000551e-01
3.832999999999999741e-01
5.621000000000000441e-01
4.534000000000000252e-01
