1.000000000000000056e-01
1.020999999999999963e-01
1.789999999999999925e-01
3.436000000000000165e-01
2.781000000000000139e-01
2.520000000000000018e-01
4.218000000000000083e-01
4.995999999999999885e-01
5.560000000000000497e-01
5.850999999999999535e-01
7.186000000000000165e-01
6.674999999999999822e-01
7.064000000000000279e-01
5.551000000000000378e-01
5.775000000000000133e-01
5.665000000000000036e-01
5.433999999999999941e-01
6.995000000000000107e-01
5.917000000000000037e-01
5.311000000000000165e-01
5.192999999999999838e-01
