1.000000000000000056e-01
1.623999999999999888e-01
2.046999999999999931e-01
2.172999999999999932e-01
2.594000000000000195e-01
3.316999999999999948e-01
5.010999999999999899e-01
5.920999999999999597e-01
6.457000000000000517e-01
6.727999999999999536e-01
7.070999999999999508e-01
7.401999999999999691e-01
7.308000000000000052e-01
7.853999999999999870e-01
7.942000000000000171e-01
8.071000000000000396e-01
8.112000000000000322e-01
8.143000000000000238e-01
8.106999999999999762e-01
8.131000000000000449e-01
8.416000000000000147e-01
