1.000000000000000056e-01
1.925000000000000044e-01
1.990999999999999992e-01
2.441000000000000114e-01
3.453999999999999848e-01
3.896999999999999909e-01
3.463999999999999857e-01
4.218999999999999972e-01
5.407999999999999474e-01
5.921999999999999487e-01
4.994999999999999996e-01
5.688999999999999613e-01
5.724000000000000199e-01
5.978999999999999870e-01
6.909999999999999476e-01
6.957999999999999741e-01
6.794000000000000039e-01
7.213000000000000522e-01
6.584999999999999742e-01
6.024000000000000465e-01
6.515999999999999570e-01
