1.000000000000000056e-01
1.935000000000000053e-01
1.640999999999999959e-01
2.908999999999999919e-01
3.847999999999999754e-01
4.243000000000000105e-01
3.674000000000000044e-01
4.813000000000000056e-01
5.714000000000000190e-01
6.273999999999999577e-01
5.728999999999999648e-01
6.213999999999999524e-01
6.048999999999999932e-01
6.536999999999999478e-01
7.288000000000000034e-01
7.462999999999999634e-01
7.618000000000000327e-01
7.499000000000000110e-01
7.609000000000000208e-01
6.774000000000000021e-01
7.167000000000000037e-01
