1.000000000000000056e-01
1.764000000000000012e-01
2.242000000000000104e-01
3.133000000000000229e-01
4.233999999999999986e-01
4.873000000000000109e-01
5.181000000000000050e-01
5.483000000000000096e-01
5.635999999999999899e-01
5.802000000000000490e-01
6.198000000000000176e-01
6.095000000000000417e-01
6.370999999999999996e-01
6.886999999999999789e-01
6.569000000000000394e-01
6.842000000000000304e-01
6.975999999999999979e-01
7.356000000000000316e-01
7.250999999999999668e-01
7.594999999999999529e-01
7.623999999999999666e-01
