1.000000000000000056e-01
9.869999999999999607e-02
1.580999999999999905e-01
1.968000000000000027e-01
2.218999999999999861e-01
2.590999999999999970e-01
2.083000000000000129e-01
3.456000000000000183e-01
3.603999999999999981e-01
3.055999999999999828e-01
4.723999999999999866e-01
4.197000000000000175e-01
4.522999999999999798e-01
2.575000000000000067e-01
4.808000000000000052e-01
5.130000000000000115e-01
5.325999999999999623e-01
5.401000000000000245e-01
5.397999999999999465e-01
4.912000000000000255e-01
5.056000000000000494e-01
