1.000000000000000056e-01
1.912999999999999978e-01
2.008000000000000063e-01
2.752999999999999892e-01
3.044000000000000039e-01
3.830999999999999961e-01
3.400000000000000244e-01
3.679000000000000048e-01
5.072999999999999732e-01
5.396999999999999575e-01
4.026000000000000134e-01
5.406999999999999584e-01
5.373999999999999888e-01
5.583000000000000185e-01
6.378000000000000336e-01
6.836999999999999744e-01
6.494999999999999662e-01
7.033000000000000362e-01
6.402999999999999803e-01
5.897999999999999909e-01
6.187000000000000277e-01
