1.000000000000000056e-01
1.057000000000000023e-01
9.579999999999999627e-02
1.638000000000000012e-01
2.620999999999999996e-01
2.898999999999999910e-01
2.472999999999999921e-01
3.012000000000000233e-01
3.758000000000000229e-01
5.514000000000000012e-01
5.270000000000000240e-01
5.574999999999999956e-01
4.510000000000000120e-01
6.058999999999999941e-01
5.980999999999999650e-01
6.119999999999999885e-01
5.854000000000000314e-01
7.147999999999999909e-01
7.167000000000000037e-01
7.735999999999999543e-01
7.469999999999999973e-01
