1.000000000000000056e-01
2.263000000000000012e-01
1.064999999999999974e-01
4.188000000000000056e-01
3.076999999999999735e-01
4.218999999999999972e-01
4.210999999999999743e-01
5.379000000000000448e-01
5.356999999999999540e-01
5.773000000000000353e-01
6.700000000000000400e-01
5.234999999999999654e-01
5.645000000000000018e-01
5.081999999999999851e-01
5.453000000000000069e-01
6.451999999999999957e-01
5.403000000000000025e-01
5.122999999999999776e-01
4.502999999999999781e-01
6.443999999999999728e-01
6.842000000000000304e-01
