1.000000000000000056e-01
1.365999999999999992e-01
1.521000000000000130e-01
1.433000000000000107e-01
1.917999999999999983e-01
2.805000000000000271e-01
2.698999999999999733e-01
2.762000000000000011e-01
3.723000000000000198e-01
3.255000000000000115e-01
1.915000000000000036e-01
4.571000000000000063e-01
4.451999999999999846e-01
4.460000000000000075e-01
5.634000000000000119e-01
5.252999999999999892e-01
5.538999999999999480e-01
5.748999999999999666e-01
5.691000000000000503e-01
5.044999999999999485e-01
5.572000000000000286e-01
