1.000000000000000056e-01
1.388999999999999957e-01
1.773000000000000131e-01
1.952000000000000124e-01
2.136000000000000121e-01
2.366000000000000048e-01
2.614000000000000212e-01
2.666999999999999926e-01
2.761000000000000121e-01
2.881000000000000227e-01
3.371999999999999997e-01
4.299000000000000044e-01
4.495000000000000107e-01
4.988000000000000211e-01
5.473999999999999977e-01
6.048000000000000043e-01
6.125000000000000444e-01
6.455999999999999517e-01
6.516999999999999460e-01
6.640000000000000346e-01
6.975999999999999979e-01
