1.000000000000000056e-01
1.032000000000000001e-01
2.936000000000000276e-01
1.393999999999999961e-01
2.326999999999999902e-01
1.695000000000000118e-01
3.211999999999999855e-01
3.665999999999999814e-01
4.591999999999999971e-01
4.709999999999999742e-01
5.446999999999999620e-01
6.077000000000000179e-01
6.219999999999999973e-01
5.308000000000000496e-01
6.350999999999999979e-01
6.572999999999999954e-01
5.866999999999999993e-01
6.028000000000000025e-01
5.985000000000000320e-01
7.510000000000000009e-01
6.368000000000000327e-01
