1.000000000000000056e-01
1.703999999999999959e-01
2.199000000000000121e-01
3.575999999999999734e-01
2.979999999999999871e-01
2.132999999999999896e-01
5.329000000000000403e-01
5.244999999999999662e-01
5.705999999999999961e-01
6.016000000000000236e-01
7.063000000000000389e-01
6.581000000000000183e-01
7.431999999999999718e-01
4.722000000000000086e-01
6.381999999999999895e-01
6.838999999999999524e-01
6.239999999999999991e-01
7.252999999999999448e-01
6.770000000000000462e-01
6.431999999999999940e-01
6.169999999999999929e-01
