1.000000000000000056e-01
2.117999999999999883e-01
3.501000000000000223e-01
5.455999999999999739e-01
5.250000000000000222e-01
6.054000000000000492e-01
6.280000000000000027e-01
6.889999999999999458e-01
7.100999999999999535e-01
7.411999999999999700e-01
7.498000000000000220e-01
7.527000000000000357e-01
7.659000000000000252e-01
7.675999999999999490e-01
7.792000000000000037e-01
7.862999999999999989e-01
7.910000000000000364e-01
8.031000000000000361e-01
7.976999999999999647e-01
8.194000000000000172e-01
8.157999999999999696e-01
