1.000000000000000056e-01
9.990000000000000269e-02
2.172999999999999932e-01
2.368999999999999995e-01
2.607999999999999763e-01
1.801000000000000101e-01
2.843999999999999861e-01
3.827999999999999736e-01
4.791000000000000258e-01
4.978000000000000203e-01
6.534999999999999698e-01
6.313999999999999613e-01
7.128999999999999782e-01
4.167000000000000148e-01
5.985000000000000320e-01
6.540000000000000258e-01
5.624000000000000110e-01
6.730000000000000426e-01
6.484999999999999654e-01
6.299000000000000155e-01
6.549000000000000377e-01
