1.000000000000000056e-01
9.879999999999999893e-02
2.175999999999999879e-01
2.253999999999999893e-01
2.584000000000000186e-01
1.933999999999999886e-01
2.948000000000000065e-01
3.805999999999999939e-01
4.570000000000000173e-01
4.474000000000000199e-01
6.589000000000000412e-01
6.270999999999999908e-01
6.937999999999999723e-01
4.272000000000000242e-01
5.684000000000000163e-01
6.474999999999999645e-01
5.522000000000000242e-01
6.589000000000000412e-01
6.417000000000000481e-01
6.343999999999999639e-01
6.392999999999999794e-01
