1.000000000000000056e-01
1.135000000000000037e-01
1.135000000000000037e-01
1.135000000000000037e-01
1.517999999999999905e-01
1.930999999999999939e-01
2.107999999999999874e-01
1.587000000000000077e-01
2.086000000000000076e-01
1.832999999999999907e-01
1.029000000000000054e-01
3.781999999999999806e-01
3.220000000000000084e-01
2.363000000000000100e-01
4.475999999999999979e-01
3.274000000000000243e-01
3.966000000000000081e-01
3.824000000000000177e-01
3.518000000000000016e-01
3.881999999999999895e-01
3.287999999999999812e-01
