1.000000000000000056e-01
2.152999999999999914e-01
3.123000000000000220e-01
5.213999999999999746e-01
5.534000000000000030e-01
6.276000000000000467e-01
6.497000000000000552e-01
7.039999999999999591e-01
7.278000000000000025e-01
7.608000000000000318e-01
7.536000000000000476e-01
7.614999999999999547e-01
7.731999999999999984e-01
7.819000000000000394e-01
7.983000000000000096e-01
7.992000000000000215e-01
8.061000000000000387e-01
8.144000000000000128e-01
8.110000000000000542e-01
8.325000000000000178e-01
8.254000000000000226e-01
