1.000000000000000056e-01
1.092000000000000054e-01
9.579999999999999627e-02
2.200000000000000011e-01
3.022000000000000242e-01
2.167000000000000037e-01
1.933999999999999886e-01
1.743999999999999995e-01
1.502999999999999892e-01
3.597000000000000197e-01
4.560000000000000164e-01
4.769999999999999796e-01
2.441000000000000114e-01
4.742999999999999994e-01
3.330000000000000182e-01
4.395999999999999908e-01
4.202000000000000179e-01
4.586999999999999966e-01
4.799999999999999822e-01
6.867999999999999661e-01
6.705999999999999739e-01
