1.000000000000000056e-01
1.032000000000000001e-01
2.691000000000000059e-01
1.140000000000000041e-01
2.288000000000000034e-01
1.343000000000000027e-01
2.891000000000000236e-01
3.689000000000000057e-01
4.299999999999999933e-01
4.169999999999999818e-01
4.688999999999999835e-01
5.875000000000000222e-01
5.897000000000000020e-01
5.433000000000000052e-01
6.346000000000000529e-01
6.299000000000000155e-01
5.536999999999999700e-01
5.794000000000000261e-01
5.896000000000000130e-01
7.153000000000000469e-01
6.225000000000000533e-01
