1.000000000000000056e-01
1.925999999999999934e-01
1.998999999999999944e-01
1.897000000000000075e-01
2.987000000000000210e-01
3.407999999999999918e-01
3.286999999999999922e-01
4.288000000000000145e-01
4.892000000000000237e-01
5.673000000000000265e-01
4.067999999999999949e-01
5.211000000000000076e-01
5.174999999999999600e-01
5.694000000000000172e-01
6.307000000000000384e-01
6.578000000000000513e-01
6.491999999999999993e-01
6.735999999999999766e-01
6.690000000000000391e-01
5.786999999999999922e-01
6.245000000000000551e-01
