1.000000000000000056e-01
9.840000000000000135e-02
2.091000000000000081e-01
2.162999999999999923e-01
2.553000000000000269e-01
1.696999999999999897e-01
2.800000000000000266e-01
4.200999999999999734e-01
4.788999999999999924e-01
4.108999999999999875e-01
6.700000000000000400e-01
6.245000000000000551e-01
7.027999999999999803e-01
4.250999999999999779e-01
5.516999999999999682e-01
6.247000000000000330e-01
5.387999999999999456e-01
6.442999999999999838e-01
6.444999999999999618e-01
6.389000000000000234e-01
6.448000000000000398e-01
