1.000000000000000056e-01
2.104000000000000037e-01
4.208999999999999964e-01
6.238000000000000211e-01
6.172999999999999599e-01
7.466000000000000414e-01
7.718000000000000416e-01
8.056999999999999718e-01
8.287999999999999812e-01
8.343000000000000416e-01
8.407000000000000028e-01
8.520999999999999686e-01
8.598000000000000087e-01
8.652999999999999581e-01
8.711999999999999744e-01
8.776000000000000467e-01
8.701999999999999735e-01
8.847000000000000419e-01
8.818000000000000282e-01
8.911000000000000032e-01
8.931999999999999940e-01
