1.000000000000000056e-01
9.829999999999999849e-02
1.938000000000000000e-01
2.005000000000000115e-01
2.551999999999999824e-01
1.472999999999999865e-01
2.306999999999999884e-01
2.833999999999999853e-01
4.143999999999999906e-01
2.782999999999999918e-01
5.293999999999999817e-01
4.941999999999999726e-01
5.625999999999999890e-01
2.469999999999999973e-01
4.109999999999999765e-01
5.681000000000000494e-01
4.566000000000000059e-01
5.471000000000000307e-01
5.190000000000000169e-01
4.727999999999999980e-01
4.694999999999999729e-01
