1.000000000000000056e-01
1.032000000000000001e-01
2.474000000000000088e-01
9.819999999999999563e-02
1.942000000000000115e-01
1.035999999999999976e-01
2.424999999999999933e-01
2.467999999999999916e-01
3.865999999999999992e-01
3.477000000000000091e-01
3.819000000000000172e-01
4.631000000000000116e-01
4.353000000000000203e-01
3.957999999999999852e-01
4.986999999999999766e-01
5.598999999999999533e-01
4.536999999999999922e-01
5.172999999999999821e-01
4.524000000000000243e-01
6.449000000000000288e-01
4.989999999999999991e-01
