1.000000000000000056e-01
1.763000000000000123e-01
2.255999999999999950e-01
3.628000000000000114e-01
4.460000000000000075e-01
5.110000000000000098e-01
5.218000000000000416e-01
5.528999999999999471e-01
5.785000000000000142e-01
5.910999999999999588e-01
6.179999999999999938e-01
6.111999999999999655e-01
6.344999999999999529e-01
6.736999999999999655e-01
6.375999999999999446e-01
6.641000000000000236e-01
6.841000000000000414e-01
7.264000000000000457e-01
7.128999999999999782e-01
7.490999999999999881e-01
7.547000000000000375e-01
