1.000000000000000056e-01
9.009999999999999953e-02
1.524999999999999967e-01
4.341999999999999749e-01
4.945999999999999841e-01
4.506000000000000005e-01
5.076000000000000512e-01
3.765999999999999903e-01
5.611000000000000432e-01
5.852000000000000535e-01
6.884000000000000119e-01
6.553999999999999826e-01
5.525999999999999801e-01
6.590000000000000302e-01
6.646999999999999575e-01
6.508000000000000451e-01
6.710000000000000409e-01
7.282999999999999474e-01
7.439999999999999947e-01
7.727000000000000535e-01
7.829000000000000403e-01
