1.000000000000000056e-01
1.365000000000000102e-01
1.009000000000000036e-01
3.071999999999999731e-01
1.494000000000000050e-01
1.754999999999999893e-01
3.874000000000000221e-01
4.677000000000000046e-01
3.335000000000000187e-01
4.596999999999999975e-01
5.552000000000000268e-01
4.089999999999999747e-01
5.188000000000000389e-01
5.329000000000000403e-01
4.959999999999999964e-01
6.431999999999999940e-01
5.973000000000000531e-01
6.061999999999999611e-01
5.282000000000000028e-01
6.697999999999999510e-01
5.864000000000000323e-01
