1.000000000000000056e-01
1.411999999999999922e-01
1.009000000000000036e-01
2.928000000000000047e-01
1.418000000000000094e-01
1.313999999999999890e-01
3.358999999999999764e-01
3.135999999999999899e-01
3.189000000000000168e-01
2.175999999999999879e-01
4.505000000000000115e-01
3.328999999999999737e-01
4.686000000000000165e-01
4.309999999999999942e-01
4.512999999999999790e-01
5.223999999999999755e-01
4.900999999999999801e-01
5.222999999999999865e-01
4.662000000000000033e-01
5.891999999999999460e-01
4.739999999999999769e-01
