1.000000000000000056e-01
1.723999999999999977e-01
2.265000000000000069e-01
2.255000000000000060e-01
2.671999999999999931e-01
3.009000000000000008e-01
3.899000000000000243e-01
5.209000000000000297e-01
5.422000000000000153e-01
5.787999999999999812e-01
6.608000000000000540e-01
7.199999999999999734e-01
6.959999999999999520e-01
7.386000000000000343e-01
7.388000000000000123e-01
7.652999999999999803e-01
7.471999999999999753e-01
7.718000000000000416e-01
7.437000000000000277e-01
7.610999999999999988e-01
7.926999999999999602e-01
