1.000000000000000056e-01
8.999999999999999667e-02
1.517999999999999905e-01
4.319999999999999951e-01
4.890999999999999792e-01
4.450000000000000067e-01
5.061999999999999833e-01
3.803000000000000269e-01
5.534999999999999920e-01
5.812000000000000499e-01
6.835999999999999854e-01
6.512000000000000011e-01
5.594000000000000083e-01
6.518000000000000460e-01
6.723999999999999977e-01
6.491999999999999993e-01
6.745999999999999774e-01
7.309999999999999831e-01
7.409000000000000030e-01
7.772999999999999909e-01
7.829000000000000403e-01
