1.000000000000000056e-01
1.612000000000000099e-01
1.763000000000000123e-01
2.530000000000000027e-01
2.462000000000000022e-01
3.106999999999999762e-01
3.116999999999999771e-01
3.634000000000000008e-01
4.378000000000000225e-01
5.010999999999999899e-01
3.311999999999999944e-01
5.171000000000000041e-01
5.124999999999999556e-01
5.491000000000000325e-01
6.209000000000000075e-01
6.659000000000000474e-01
6.712000000000000188e-01
6.902000000000000357e-01
6.804000000000000048e-01
6.121999999999999664e-01
6.501000000000000112e-01
