1.000000000000000056e-01
1.184999999999999942e-01
2.477000000000000035e-01
4.834999999999999853e-01
4.877000000000000224e-01
5.676999999999999824e-01
6.599000000000000421e-01
6.360000000000000098e-01
6.437000000000000499e-01
6.680000000000000382e-01
6.943000000000000282e-01
7.300999999999999712e-01
7.562999999999999723e-01
7.571999999999999842e-01
7.628000000000000336e-01
7.680000000000000160e-01
8.034999999999999920e-01
8.060000000000000497e-01
8.025999999999999801e-01
8.174000000000000155e-01
8.195000000000000062e-01
