1.000000000000000056e-01
1.741000000000000048e-01
1.009000000000000036e-01
1.708000000000000074e-01
2.918000000000000038e-01
2.054999999999999882e-01
3.481000000000000205e-01
4.410999999999999921e-01
4.025000000000000244e-01
4.580000000000000182e-01
5.500000000000000444e-01
5.621000000000000441e-01
5.860999999999999543e-01
6.752000000000000224e-01
6.363999999999999657e-01
6.264999999999999458e-01
6.709000000000000519e-01
6.821000000000000396e-01
6.319000000000000172e-01
7.284000000000000474e-01
6.915999999999999925e-01
