1.000000000000000056e-01
1.105000000000000010e-01
9.579999999999999627e-02
2.281999999999999862e-01
2.767999999999999905e-01
3.139000000000000123e-01
2.376999999999999946e-01
3.044999999999999929e-01
3.795999999999999930e-01
5.383999999999999897e-01
5.397999999999999465e-01
5.450000000000000400e-01
4.647000000000000020e-01
6.116000000000000325e-01
6.117000000000000215e-01
5.872000000000000552e-01
5.855000000000000204e-01
7.014000000000000234e-01
7.050999999999999490e-01
7.749000000000000332e-01
7.469000000000000083e-01
