1.000000000000000056e-01
1.229999999999999982e-01
4.648999999999999799e-01
2.358000000000000096e-01
4.189999999999999836e-01
2.888999999999999901e-01
5.536999999999999700e-01
5.564000000000000057e-01
5.603000000000000203e-01
5.625999999999999890e-01
6.545999999999999597e-01
6.924000000000000155e-01
6.928999999999999604e-01
6.282999999999999696e-01
6.491000000000000103e-01
7.055000000000000160e-01
6.381000000000000005e-01
6.532000000000000028e-01
5.907000000000000028e-01
7.835999999999999632e-01
6.334999999999999520e-01
