1.000000000000000056e-01
2.099000000000000032e-01
2.205999999999999905e-01
3.604999999999999871e-01
3.042000000000000259e-01
2.215999999999999914e-01
5.304999999999999716e-01
5.352999999999999980e-01
5.843000000000000416e-01
6.032999999999999474e-01
7.047999999999999821e-01
6.523999999999999799e-01
7.391999999999999682e-01
4.697999999999999954e-01
6.367000000000000437e-01
6.875999999999999890e-01
6.171999999999999709e-01
7.228999999999999870e-01
6.794999999999999929e-01
6.505999999999999561e-01
6.333999999999999631e-01
