1.000000000000000056e-01
2.308999999999999941e-01
2.671000000000000041e-01
3.065999999999999837e-01
3.582000000000000184e-01
4.220999999999999752e-01
3.855999999999999983e-01
4.373000000000000220e-01
4.752000000000000113e-01
5.050999999999999934e-01
5.278000000000000469e-01
5.551000000000000378e-01
5.849999999999999645e-01
5.836999999999999966e-01
6.197000000000000286e-01
6.430000000000000160e-01
6.276000000000000467e-01
6.388000000000000345e-01
6.773000000000000131e-01
6.840000000000000524e-01
6.723000000000000087e-01
