1.000000000000000056e-01
2.107999999999999874e-01
3.370000000000000218e-01
5.632000000000000339e-01
6.545999999999999597e-01
7.127000000000000002e-01
7.546000000000000485e-01
7.764999999999999680e-01
8.050000000000000488e-01
8.024000000000000021e-01
8.300999999999999490e-01
8.305000000000000160e-01
8.500999999999999668e-01
8.487999999999999989e-01
8.564000000000000501e-01
8.598000000000000087e-01
8.652999999999999581e-01
8.679999999999999938e-01
8.707000000000000295e-01
8.709000000000000075e-01
8.725000000000000533e-01
