1.000000000000000056e-01
1.044000000000000067e-01
4.225999999999999757e-01
1.620999999999999941e-01
3.809000000000000163e-01
2.454999999999999960e-01
4.369000000000000106e-01
5.031999999999999806e-01
4.757000000000000117e-01
4.033999999999999808e-01
3.855999999999999983e-01
5.345999999999999641e-01
5.595999999999999863e-01
4.675000000000000266e-01
6.235000000000000542e-01
6.360999999999999988e-01
5.832000000000000517e-01
5.798999999999999710e-01
4.245999999999999774e-01
6.377000000000000446e-01
5.342999999999999972e-01
