1.000000000000000056e-01
9.819999999999999563e-02
1.890999999999999903e-01
2.036000000000000032e-01
2.530000000000000027e-01
1.408000000000000085e-01
2.591999999999999860e-01
2.923999999999999932e-01
3.977999999999999869e-01
2.550999999999999934e-01
5.429000000000000492e-01
5.029000000000000137e-01
5.737999999999999767e-01
2.602999999999999758e-01
3.922999999999999821e-01
5.541000000000000369e-01
4.562999999999999834e-01
5.553000000000000158e-01
5.079000000000000181e-01
4.941999999999999726e-01
4.762000000000000122e-01
