1.000000000000000056e-01
9.819999999999999563e-02
1.897000000000000075e-01
2.028999999999999970e-01
2.539000000000000146e-01
1.421000000000000041e-01
2.388000000000000123e-01
2.824999999999999734e-01
4.112000000000000099e-01
2.707999999999999852e-01
5.351000000000000201e-01
4.981999999999999762e-01
5.705000000000000071e-01
2.484000000000000097e-01
4.002000000000000002e-01
5.582000000000000295e-01
4.571000000000000063e-01
5.574999999999999956e-01
5.195999999999999508e-01
4.928000000000000158e-01
4.803000000000000047e-01
