1.000000000000000056e-01
1.565999999999999892e-01
3.920000000000000151e-01
5.017000000000000348e-01
5.433999999999999941e-01
5.671000000000000485e-01
6.515999999999999570e-01
6.993000000000000327e-01
7.228999999999999870e-01
7.612999999999999767e-01
7.906999999999999584e-01
8.066999999999999726e-01
8.290999999999999481e-01
8.313000000000000389e-01
8.387999999999999901e-01
8.407999999999999918e-01
8.528999999999999915e-01
8.677000000000000268e-01
8.778000000000000247e-01
8.707000000000000295e-01
8.729000000000000092e-01
