1.000000000000000056e-01
1.142999999999999988e-01
9.579999999999999627e-02
2.688999999999999724e-01
2.846000000000000196e-01
2.772000000000000020e-01
1.968000000000000027e-01
2.919999999999999818e-01
3.935000000000000164e-01
4.905999999999999805e-01
5.222999999999999865e-01
5.399000000000000465e-01
4.489000000000000212e-01
5.722000000000000419e-01
5.704000000000000181e-01
5.797999999999999821e-01
5.605999999999999872e-01
6.862000000000000322e-01
6.919999999999999485e-01
7.550999999999999934e-01
7.399999999999999911e-01
