1.000000000000000056e-01
9.959999999999999409e-02
9.579999999999999627e-02
2.353999999999999981e-01
2.824999999999999734e-01
2.635000000000000120e-01
1.985000000000000098e-01
1.739999999999999880e-01
1.922999999999999987e-01
3.931000000000000050e-01
4.426999999999999824e-01
4.915999999999999814e-01
2.461000000000000132e-01
4.709999999999999742e-01
3.326000000000000068e-01
4.867000000000000215e-01
4.723999999999999866e-01
5.244999999999999662e-01
5.222999999999999865e-01
6.704999999999999849e-01
6.584999999999999742e-01
