1.000000000000000056e-01
2.335000000000000131e-01
3.069999999999999951e-01
4.124999999999999778e-01
4.480000000000000093e-01
5.013999999999999568e-01
4.389000000000000123e-01
4.986999999999999766e-01
5.485999999999999766e-01
5.836000000000000076e-01
6.037000000000000144e-01
6.276000000000000467e-01
6.479000000000000314e-01
6.467000000000000526e-01
6.821000000000000396e-01
7.016000000000000014e-01
6.998999999999999666e-01
7.131999999999999451e-01
7.285000000000000364e-01
7.366000000000000325e-01
7.342999999999999527e-01
