1.000000000000000056e-01
3.911999999999999922e-01
3.266000000000000014e-01
6.189000000000000057e-01
5.060000000000000053e-01
5.104999999999999538e-01
7.936999999999999611e-01
7.850000000000000311e-01
7.953999999999999959e-01
8.028999999999999471e-01
8.121000000000000441e-01
8.245000000000000107e-01
8.453000000000000513e-01
8.578999999999999959e-01
8.053000000000000158e-01
8.473000000000000531e-01
8.394000000000000350e-01
8.842999999999999750e-01
8.189999999999999503e-01
9.068000000000000504e-01
8.860999999999999988e-01
