1.000000000000000056e-01
2.736000000000000099e-01
1.009000000000000036e-01
5.476999999999999647e-01
3.467000000000000082e-01
4.193000000000000060e-01
5.387999999999999456e-01
5.723000000000000309e-01
5.469000000000000528e-01
6.381999999999999895e-01
6.936999999999999833e-01
6.160999999999999810e-01
6.169000000000000039e-01
6.532000000000000028e-01
6.180999999999999828e-01
6.939999999999999503e-01
6.949999999999999512e-01
6.771000000000000352e-01
6.292999999999999705e-01
7.458000000000000185e-01
7.256000000000000227e-01
