1.000000000000000056e-01
1.168000000000000010e-01
1.203999999999999931e-01
1.237000000000000044e-01
1.270999999999999908e-01
1.292999999999999983e-01
1.439000000000000001e-01
1.907999999999999974e-01
2.164000000000000090e-01
2.983000000000000096e-01
3.689000000000000057e-01
4.053999999999999826e-01
3.934000000000000274e-01
4.043999999999999817e-01
3.966000000000000081e-01
4.142000000000000126e-01
4.482999999999999763e-01
4.756000000000000227e-01
4.675000000000000266e-01
4.738999999999999879e-01
4.838000000000000078e-01
