1.000000000000000056e-01
2.006000000000000005e-01
4.929000000000000048e-01
5.122999999999999776e-01
6.774999999999999911e-01
7.453999999999999515e-01
8.058999999999999497e-01
8.367999999999999883e-01
8.544000000000000483e-01
8.658000000000000140e-01
8.780000000000000027e-01
8.820000000000000062e-01
8.872999999999999776e-01
8.981000000000000094e-01
9.000000000000000222e-01
8.993999999999999773e-01
9.080000000000000293e-01
9.080000000000000293e-01
9.116999999999999549e-01
9.103999999999999870e-01
9.115999999999999659e-01
