1.000000000000000056e-01
9.819999999999999563e-02
1.845999999999999863e-01
2.003999999999999948e-01
2.571999999999999842e-01
1.852999999999999925e-01
2.805000000000000271e-01
4.218000000000000083e-01
3.884000000000000230e-01
2.818999999999999839e-01
6.510000000000000231e-01
6.034000000000000474e-01
6.159999999999999920e-01
3.840999999999999970e-01
5.482000000000000206e-01
5.923000000000000487e-01
5.391000000000000236e-01
6.072999999999999510e-01
6.442999999999999838e-01
5.914000000000000368e-01
6.213999999999999524e-01
