1.000000000000000056e-01
5.911999999999999478e-01
6.914000000000000146e-01
7.979000000000000536e-01
8.497000000000000108e-01
8.670999999999999819e-01
8.834999999999999520e-01
8.882999999999999785e-01
8.872999999999999776e-01
8.967000000000000526e-01
9.008000000000000451e-01
9.050000000000000266e-01
9.066999999999999504e-01
9.111000000000000210e-01
9.121000000000000218e-01
9.167999999999999483e-01
9.211000000000000298e-01
9.190000000000000391e-01
9.217999999999999527e-01
9.233000000000000096e-01
9.236999999999999655e-01
