1.000000000000000056e-01
1.466999999999999971e-01
1.009000000000000036e-01
2.814999999999999725e-01
1.424999999999999878e-01
1.421999999999999931e-01
3.276000000000000023e-01
3.264000000000000234e-01
3.042000000000000259e-01
2.220000000000000029e-01
4.425999999999999934e-01
3.346999999999999975e-01
4.636000000000000121e-01
4.290999999999999814e-01
4.512999999999999790e-01
5.174999999999999600e-01
4.929999999999999938e-01
5.132999999999999785e-01
4.658999999999999808e-01
5.795000000000000151e-01
4.534000000000000252e-01
