1.000000000000000056e-01
1.136000000000000065e-01
1.895000000000000018e-01
1.776999999999999968e-01
1.753000000000000114e-01
3.037000000000000255e-01
2.215999999999999914e-01
2.575999999999999956e-01
3.546000000000000263e-01
2.205999999999999905e-01
2.237000000000000099e-01
4.618999999999999773e-01
4.400999999999999912e-01
3.861999999999999877e-01
5.063999999999999613e-01
5.239000000000000323e-01
5.742000000000000437e-01
5.108000000000000318e-01
4.944000000000000061e-01
4.661000000000000143e-01
4.923000000000000154e-01
