1.000000000000000056e-01
1.199000000000000066e-01
4.647000000000000020e-01
2.396999999999999964e-01
4.330999999999999850e-01
2.903999999999999915e-01
5.523000000000000131e-01
5.581000000000000405e-01
5.634000000000000119e-01
5.691000000000000503e-01
6.591000000000000192e-01
7.028999999999999693e-01
6.997999999999999776e-01
6.300000000000000044e-01
6.545999999999999597e-01
7.022000000000000464e-01
6.304999999999999494e-01
6.481999999999999984e-01
5.872000000000000552e-01
7.849000000000000421e-01
6.350000000000000089e-01
