1.000000000000000056e-01
9.080000000000000571e-02
1.383000000000000063e-01
3.623000000000000109e-01
4.078999999999999848e-01
3.335000000000000187e-01
4.529000000000000248e-01
3.256999999999999895e-01
5.149000000000000243e-01
5.282999999999999918e-01
6.140999999999999792e-01
5.908999999999999808e-01
4.648999999999999799e-01
5.983000000000000540e-01
6.319000000000000172e-01
5.803000000000000380e-01
5.384999999999999787e-01
6.534999999999999698e-01
6.716999999999999638e-01
7.124000000000000332e-01
7.157999999999999918e-01
