1.000000000000000056e-01
1.885000000000000009e-01
3.572000000000000175e-01
4.274000000000000021e-01
5.753000000000000336e-01
5.702000000000000401e-01
5.998999999999999888e-01
6.810000000000000497e-01
7.201999999999999513e-01
7.282999999999999474e-01
7.360999999999999766e-01
7.512999999999999678e-01
7.762999999999999901e-01
7.911000000000000254e-01
7.906999999999999584e-01
8.121000000000000441e-01
8.235999999999999988e-01
8.244000000000000217e-01
8.366000000000000103e-01
8.384000000000000341e-01
8.439999999999999725e-01
