1.000000000000000056e-01
1.658000000000000029e-01
1.009000000000000036e-01
1.010000000000000064e-01
1.071000000000000008e-01
1.010000000000000064e-01
1.685000000000000109e-01
1.531000000000000139e-01
1.332000000000000128e-01
2.300000000000000100e-01
2.788999999999999813e-01
1.834999999999999964e-01
1.305000000000000049e-01
2.923000000000000043e-01
2.993999999999999995e-01
3.657000000000000250e-01
2.300000000000000100e-01
3.639999999999999902e-01
2.883999999999999897e-01
3.170000000000000040e-01
3.346999999999999975e-01
