1.000000000000000056e-01
1.607000000000000095e-01
1.816000000000000114e-01
2.655000000000000138e-01
2.250999999999999945e-01
3.226999999999999869e-01
3.230000000000000093e-01
3.644999999999999907e-01
4.546000000000000041e-01
4.910999999999999810e-01
3.297999999999999821e-01
5.214999999999999636e-01
5.099000000000000199e-01
5.705000000000000071e-01
6.281999999999999806e-01
6.822000000000000286e-01
6.863000000000000211e-01
7.096000000000000085e-01
6.964000000000000190e-01
6.209999999999999964e-01
6.625999999999999668e-01
