1.000000000000000056e-01
1.461999999999999966e-01
1.009000000000000036e-01
2.651999999999999913e-01
1.544999999999999984e-01
1.507000000000000006e-01
3.211999999999999855e-01
3.114000000000000101e-01
2.978000000000000091e-01
2.338000000000000078e-01
4.215999999999999748e-01
3.210000000000000075e-01
4.472999999999999754e-01
4.307000000000000273e-01
4.193999999999999950e-01
5.047000000000000375e-01
4.823999999999999955e-01
4.857000000000000206e-01
4.325999999999999845e-01
5.601000000000000423e-01
4.247000000000000219e-01
