1.000000000000000056e-01
1.963000000000000023e-01
2.295999999999999985e-01
3.343999999999999750e-01
5.031999999999999806e-01
5.674000000000000155e-01
6.336000000000000520e-01
7.033000000000000362e-01
7.119999999999999662e-01
7.298000000000000043e-01
7.482999999999999652e-01
7.731000000000000094e-01
7.953000000000000069e-01
7.953999999999999959e-01
8.037999999999999590e-01
8.112000000000000322e-01
8.181000000000000494e-01
8.245999999999999996e-01
8.279999999999999583e-01
8.262000000000000455e-01
8.278999999999999693e-01
