1.000000000000000056e-01
1.136999999999999955e-01
9.579999999999999627e-02
2.147999999999999909e-01
2.921000000000000263e-01
2.957000000000000184e-01
2.656999999999999917e-01
3.079000000000000070e-01
3.770999999999999908e-01
5.283999999999999808e-01
5.422000000000000153e-01
5.532000000000000250e-01
4.612999999999999878e-01
5.790999999999999481e-01
5.973000000000000531e-01
6.107000000000000206e-01
5.878999999999999782e-01
6.901000000000000467e-01
7.131999999999999451e-01
7.721999999999999975e-01
7.491999999999999771e-01
