1.000000000000000056e-01
2.071999999999999953e-01
4.017999999999999905e-01
5.950999999999999623e-01
5.810999999999999499e-01
6.949999999999999512e-01
7.600999999999999979e-01
7.660000000000000142e-01
7.890000000000000346e-01
8.094999999999999973e-01
8.188999999999999613e-01
8.304000000000000270e-01
8.401999999999999469e-01
8.447000000000000064e-01
8.570999999999999730e-01
8.625000000000000444e-01
8.570999999999999730e-01
8.669000000000000039e-01
8.709999999999999964e-01
8.769000000000000128e-01
8.810000000000000053e-01
