1.000000000000000056e-01
2.096999999999999975e-01
1.009000000000000036e-01
4.171000000000000263e-01
3.160000000000000031e-01
2.928999999999999937e-01
4.675000000000000266e-01
4.966999999999999749e-01
4.403000000000000247e-01
4.531000000000000028e-01
6.233999999999999542e-01
5.455999999999999739e-01
5.795000000000000151e-01
5.544999999999999929e-01
5.629999999999999449e-01
6.451000000000000068e-01
5.479000000000000536e-01
6.521000000000000130e-01
5.419000000000000483e-01
6.024000000000000465e-01
6.333999999999999631e-01
