1.000000000000000056e-01
2.406000000000000083e-01
1.009000000000000036e-01
4.542999999999999816e-01
3.128000000000000225e-01
3.613000000000000100e-01
4.467999999999999750e-01
5.308000000000000496e-01
4.986999999999999766e-01
5.833000000000000407e-01
6.534999999999999698e-01
5.415999999999999703e-01
5.635000000000000009e-01
5.707999999999999741e-01
5.633000000000000229e-01
7.016999999999999904e-01
5.790999999999999481e-01
5.806000000000000050e-01
4.838999999999999968e-01
6.525999999999999579e-01
6.929999999999999494e-01
