1.000000000000000056e-01
2.333999999999999964e-01
1.011999999999999983e-01
5.474999999999999867e-01
3.642000000000000237e-01
4.023999999999999799e-01
5.551000000000000378e-01
5.655999999999999917e-01
5.544000000000000039e-01
6.245000000000000551e-01
6.959999999999999520e-01
6.199000000000000066e-01
6.259000000000000119e-01
6.536999999999999478e-01
6.203999999999999515e-01
6.814000000000000057e-01
6.998999999999999666e-01
6.861000000000000432e-01
6.401999999999999913e-01
7.503999999999999559e-01
7.167000000000000037e-01
