1.000000000000000056e-01
2.111999999999999988e-01
3.805999999999999939e-01
5.564000000000000057e-01
5.281000000000000139e-01
6.169999999999999929e-01
6.312999999999999723e-01
6.956999999999999851e-01
7.197999999999999954e-01
7.460999999999999854e-01
7.571999999999999842e-01
7.582999999999999741e-01
7.721999999999999975e-01
7.727000000000000535e-01
7.850000000000000311e-01
7.930000000000000382e-01
7.987999999999999545e-01
8.067999999999999616e-01
8.054000000000000048e-01
8.193000000000000282e-01
8.187999999999999723e-01
