1.000000000000000056e-01
1.623999999999999888e-01
1.009000000000000036e-01
1.066000000000000003e-01
9.760000000000000620e-02
1.010000000000000064e-01
1.955000000000000071e-01
1.386999999999999900e-01
1.307000000000000106e-01
2.338000000000000078e-01
2.539000000000000146e-01
2.086000000000000076e-01
1.670000000000000095e-01
3.047000000000000264e-01
3.190000000000000058e-01
3.690999999999999837e-01
2.116000000000000103e-01
3.627000000000000224e-01
3.367999999999999883e-01
3.781999999999999806e-01
3.684000000000000052e-01
