1.000000000000000056e-01
1.610999999999999932e-01
2.147000000000000020e-01
3.761999999999999789e-01
3.492000000000000104e-01
2.215999999999999914e-01
5.631000000000000449e-01
5.636999999999999789e-01
6.179000000000000048e-01
6.561000000000000165e-01
7.108999999999999764e-01
6.945999999999999952e-01
7.683999999999999719e-01
4.556000000000000050e-01
6.298000000000000265e-01
6.440000000000000169e-01
5.983000000000000540e-01
7.131999999999999451e-01
6.683999999999999941e-01
6.229999999999999982e-01
6.445999999999999508e-01
