1.000000000000000056e-01
1.010999999999999954e-01
1.942000000000000115e-01
3.260000000000000120e-01
2.846000000000000196e-01
1.890999999999999903e-01
5.040999999999999925e-01
4.838999999999999968e-01
5.366999999999999549e-01
5.766999999999999904e-01
6.663999999999999924e-01
6.256000000000000449e-01
7.158999999999999808e-01
3.867999999999999772e-01
5.674000000000000155e-01
6.116000000000000325e-01
5.432000000000000162e-01
6.720000000000000417e-01
6.303999999999999604e-01
5.775000000000000133e-01
5.999999999999999778e-01
