1.000000000000000056e-01
1.423000000000000098e-01
1.009000000000000036e-01
2.747999999999999887e-01
1.426000000000000045e-01
1.393000000000000071e-01
3.391000000000000125e-01
3.191999999999999837e-01
3.119000000000000106e-01
2.147000000000000020e-01
4.476999999999999869e-01
3.355000000000000204e-01
4.606999999999999984e-01
4.302000000000000268e-01
4.529000000000000248e-01
5.231999999999999984e-01
4.889000000000000012e-01
5.207000000000000517e-01
4.731000000000000205e-01
5.800999999999999490e-01
4.588999999999999746e-01
