1.000000000000000056e-01
5.685999999999999943e-01
6.286000000000000476e-01
7.361999999999999655e-01
7.912000000000000144e-01
8.312000000000000499e-01
8.562999999999999501e-01
8.665000000000000480e-01
8.670999999999999819e-01
8.787000000000000366e-01
8.860000000000000098e-01
8.892999999999999794e-01
8.929000000000000270e-01
8.987000000000000544e-01
8.993999999999999773e-01
9.031000000000000139e-01
9.080000000000000293e-01
9.073999999999999844e-01
9.089000000000000412e-01
9.106999999999999540e-01
9.119000000000000439e-01
