1.000000000000000056e-01
1.782999999999999863e-01
2.280000000000000082e-01
3.844000000000000195e-01
5.011999999999999789e-01
4.964999999999999969e-01
5.269000000000000350e-01
5.733000000000000318e-01
6.091999999999999638e-01
6.509000000000000341e-01
7.054000000000000270e-01
6.973000000000000309e-01
7.288999999999999924e-01
7.792000000000000037e-01
7.530000000000000027e-01
7.813999999999999835e-01
7.897999999999999465e-01
8.084000000000000075e-01
7.976999999999999647e-01
8.299999999999999600e-01
8.306000000000000050e-01
