1.000000000000000056e-01
1.516000000000000125e-01
2.691000000000000059e-01
3.512000000000000122e-01
4.537999999999999812e-01
5.678999999999999604e-01
5.855000000000000204e-01
6.475999999999999535e-01
6.229999999999999982e-01
6.441999999999999948e-01
7.107999999999999874e-01
7.390999999999999792e-01
7.361999999999999655e-01
7.891000000000000236e-01
7.764999999999999680e-01
7.880000000000000338e-01
8.085999999999999854e-01
8.086999999999999744e-01
8.374000000000000332e-01
8.420999999999999597e-01
8.611999999999999655e-01
