1.000000000000000056e-01
1.047000000000000014e-01
9.579999999999999627e-02
1.665000000000000091e-01
2.546999999999999820e-01
2.892000000000000126e-01
2.788999999999999813e-01
2.963000000000000078e-01
3.955000000000000182e-01
5.532000000000000250e-01
5.372999999999999998e-01
5.504000000000000004e-01
4.353000000000000203e-01
6.071999999999999620e-01
6.210999999999999854e-01
6.152999999999999581e-01
5.849999999999999645e-01
7.151999999999999469e-01
7.266000000000000236e-01
7.752000000000000002e-01
7.514999999999999458e-01
