1.000000000000000056e-01
1.280000000000000027e-01
1.796000000000000096e-01
2.144999999999999962e-01
1.938000000000000000e-01
3.206999999999999851e-01
3.013000000000000123e-01
3.113000000000000211e-01
4.374000000000000110e-01
3.523999999999999910e-01
2.622999999999999776e-01
5.139000000000000234e-01
5.012999999999999678e-01
4.809999999999999831e-01
5.868999999999999773e-01
6.363999999999999657e-01
6.562000000000000055e-01
6.544999999999999707e-01
6.349000000000000199e-01
5.850999999999999535e-01
6.289000000000000146e-01
