1.000000000000000056e-01
1.884000000000000119e-01
3.255000000000000115e-01
3.877999999999999781e-01
4.652000000000000024e-01
5.701000000000000512e-01
6.381999999999999895e-01
6.691000000000000281e-01
7.610000000000000098e-01
7.728000000000000425e-01
7.518000000000000238e-01
7.795999999999999597e-01
8.106999999999999762e-01
8.254000000000000226e-01
8.286000000000000032e-01
8.304000000000000270e-01
8.445000000000000284e-01
8.463000000000000522e-01
8.564000000000000501e-01
8.481999999999999540e-01
8.534000000000000474e-01
