1.000000000000000056e-01
1.428999999999999992e-01
1.658999999999999919e-01
1.395000000000000129e-01
2.058000000000000107e-01
2.746000000000000107e-01
2.788999999999999813e-01
2.761000000000000121e-01
3.553000000000000047e-01
3.267999999999999794e-01
1.917000000000000093e-01
4.556999999999999940e-01
4.346999999999999753e-01
4.606000000000000094e-01
5.723000000000000309e-01
5.324999999999999734e-01
5.259000000000000341e-01
5.534000000000000030e-01
5.495999999999999774e-01
4.932000000000000273e-01
5.443999999999999950e-01
