1.000000000000000056e-01
1.882000000000000062e-01
3.635999999999999788e-01
4.637999999999999901e-01
6.000999999999999668e-01
6.489000000000000323e-01
7.196000000000000174e-01
7.616000000000000547e-01
8.048999999999999488e-01
8.107999999999999652e-01
8.082000000000000295e-01
8.189999999999999503e-01
8.493000000000000549e-01
8.561999999999999611e-01
8.640999999999999792e-01
8.631999999999999673e-01
8.767000000000000348e-01
8.792999999999999705e-01
8.820999999999999952e-01
8.792999999999999705e-01
8.888000000000000345e-01
