1.000000000000000056e-01
1.032000000000000001e-01
2.797000000000000042e-01
1.287999999999999978e-01
2.836000000000000187e-01
1.930999999999999939e-01
4.062000000000000055e-01
4.214999999999999858e-01
4.721000000000000196e-01
4.912000000000000255e-01
5.856999999999999984e-01
6.261999999999999789e-01
6.642000000000000126e-01
5.651000000000000467e-01
6.333999999999999631e-01
6.731000000000000316e-01
6.116000000000000325e-01
6.270999999999999908e-01
5.903000000000000469e-01
7.634999999999999565e-01
6.322999999999999732e-01
