1.000000000000000056e-01
1.267000000000000071e-01
1.381000000000000005e-01
2.315000000000000113e-01
4.081000000000000183e-01
4.012000000000000011e-01
4.535000000000000142e-01
4.731000000000000205e-01
5.151000000000000023e-01
4.995999999999999885e-01
5.011999999999999789e-01
5.419000000000000483e-01
5.407999999999999474e-01
6.026000000000000245e-01
6.046000000000000263e-01
6.359000000000000208e-01
6.543999999999999817e-01
6.899999999999999467e-01
6.792000000000000259e-01
7.164000000000000368e-01
7.238999999999999879e-01
