1.000000000000000056e-01
2.015000000000000124e-01
1.009000000000000036e-01
3.890000000000000124e-01
2.313999999999999946e-01
2.074999999999999900e-01
4.502999999999999781e-01
4.314000000000000057e-01
3.871999999999999886e-01
4.544000000000000261e-01
5.668999999999999595e-01
4.981999999999999762e-01
5.586999999999999744e-01
5.147000000000000464e-01
5.306999999999999496e-01
6.222999999999999643e-01
5.795000000000000151e-01
6.412999999999999812e-01
5.574000000000000066e-01
6.319000000000000172e-01
6.178000000000000158e-01
