1.000000000000000056e-01
1.620000000000000051e-01
2.169000000000000095e-01
2.182999999999999940e-01
2.419000000000000039e-01
2.647999999999999798e-01
3.275000000000000133e-01
4.074999999999999734e-01
4.572999999999999843e-01
4.950999999999999845e-01
6.437000000000000499e-01
7.005000000000000115e-01
6.798999999999999488e-01
7.197999999999999954e-01
7.157999999999999918e-01
7.436000000000000387e-01
7.295000000000000373e-01
7.443999999999999506e-01
7.328999999999999959e-01
7.500000000000000000e-01
7.791000000000000147e-01
