1.000000000000000056e-01
9.189999999999999558e-02
1.035999999999999976e-01
3.285000000000000142e-01
3.578000000000000069e-01
2.591999999999999860e-01
3.955000000000000182e-01
3.032000000000000250e-01
4.593999999999999750e-01
4.708999999999999853e-01
5.735999999999999988e-01
5.584000000000000075e-01
4.192000000000000171e-01
5.476999999999999647e-01
5.796999999999999931e-01
5.410000000000000364e-01
5.215999999999999526e-01
6.303999999999999604e-01
5.876000000000000112e-01
6.851000000000000423e-01
7.059999999999999609e-01
