1.000000000000000056e-01
8.939999999999999336e-02
1.323999999999999899e-01
3.824000000000000177e-01
4.248000000000000109e-01
4.052999999999999936e-01
4.353000000000000203e-01
3.382999999999999896e-01
5.116000000000000547e-01
5.326999999999999513e-01
6.503999999999999782e-01
6.100999999999999757e-01
4.850999999999999757e-01
6.017000000000000126e-01
6.071999999999999620e-01
6.196000000000000396e-01
6.313999999999999613e-01
6.912000000000000366e-01
6.764000000000000012e-01
7.435000000000000497e-01
7.608000000000000318e-01
