1.000000000000000056e-01
1.032000000000000001e-01
2.298999999999999932e-01
9.819999999999999563e-02
2.028000000000000080e-01
1.093999999999999972e-01
2.701000000000000068e-01
2.525000000000000022e-01
3.836999999999999855e-01
3.745999999999999885e-01
3.758000000000000229e-01
4.686000000000000165e-01
4.698999999999999844e-01
3.963999999999999746e-01
5.172999999999999821e-01
5.745999999999999996e-01
4.803999999999999937e-01
5.352000000000000091e-01
4.585000000000000187e-01
6.544999999999999707e-01
5.031999999999999806e-01
