1.000000000000000056e-01
1.032000000000000001e-01
2.881000000000000227e-01
1.333999999999999908e-01
2.614000000000000212e-01
1.945000000000000062e-01
3.755999999999999894e-01
4.088999999999999857e-01
4.702999999999999958e-01
4.820999999999999730e-01
5.682000000000000384e-01
6.125000000000000444e-01
6.459000000000000297e-01
5.511000000000000343e-01
6.313999999999999613e-01
6.731000000000000316e-01
6.077000000000000179e-01
6.310000000000000053e-01
5.899999999999999689e-01
7.610999999999999988e-01
6.347000000000000419e-01
