1.000000000000000056e-01
1.033000000000000029e-01
4.255999999999999783e-01
1.963000000000000023e-01
4.408000000000000251e-01
2.883999999999999897e-01
5.060000000000000053e-01
5.183999999999999719e-01
5.368000000000000549e-01
5.324999999999999734e-01
6.512999999999999901e-01
6.472999999999999865e-01
6.672000000000000153e-01
5.653000000000000247e-01
5.920999999999999597e-01
7.076999999999999957e-01
5.828999999999999737e-01
6.409000000000000252e-01
5.391000000000000236e-01
7.391999999999999682e-01
5.807999999999999829e-01
