1.000000000000000056e-01
2.449000000000000066e-01
2.868999999999999884e-01
4.198000000000000065e-01
4.435000000000000053e-01
4.833999999999999964e-01
4.622999999999999887e-01
5.372000000000000108e-01
5.687999999999999723e-01
5.957000000000000073e-01
6.175000000000000488e-01
6.343999999999999639e-01
6.571000000000000174e-01
6.519000000000000350e-01
6.903000000000000247e-01
7.127999999999999892e-01
7.080999999999999517e-01
7.181999999999999496e-01
7.397000000000000242e-01
7.473999999999999533e-01
7.400999999999999801e-01
