1.000000000000000056e-01
1.020999999999999963e-01
9.579999999999999627e-02
2.273999999999999910e-01
2.887000000000000122e-01
2.318999999999999950e-01
1.996999999999999886e-01
1.749999999999999889e-01
1.945000000000000062e-01
3.867999999999999772e-01
4.416999999999999815e-01
4.828000000000000069e-01
2.501999999999999780e-01
4.685000000000000275e-01
3.294000000000000261e-01
4.858999999999999986e-01
4.632999999999999896e-01
4.991999999999999771e-01
5.130000000000000115e-01
6.971000000000000529e-01
6.580000000000000293e-01
