1.000000000000000056e-01
1.269000000000000128e-01
2.099000000000000032e-01
2.661000000000000032e-01
2.535000000000000031e-01
1.968000000000000027e-01
3.773000000000000242e-01
4.020000000000000240e-01
4.421999999999999820e-01
4.359999999999999987e-01
6.351999999999999869e-01
5.745000000000000107e-01
6.539000000000000368e-01
3.794000000000000150e-01
5.610000000000000542e-01
6.150999999999999801e-01
5.240000000000000213e-01
6.609000000000000430e-01
5.721000000000000529e-01
5.808999999999999719e-01
5.775000000000000133e-01
