1.000000000000000056e-01
1.638999999999999901e-01
1.009000000000000036e-01
3.799000000000000155e-01
1.962000000000000133e-01
1.779999999999999916e-01
4.131000000000000227e-01
5.048000000000000265e-01
4.087000000000000077e-01
4.773000000000000020e-01
5.900999999999999579e-01
5.252999999999999892e-01
5.671000000000000485e-01
5.692000000000000393e-01
5.454999999999999849e-01
6.526999999999999469e-01
6.248000000000000220e-01
6.647999999999999465e-01
5.984000000000000430e-01
7.006000000000000005e-01
6.634999999999999787e-01
