1.000000000000000056e-01
1.570999999999999897e-01
1.009000000000000036e-01
3.422000000000000042e-01
1.791000000000000092e-01
1.935000000000000053e-01
3.907999999999999807e-01
4.606999999999999984e-01
3.788000000000000256e-01
4.808000000000000052e-01
5.770999999999999464e-01
4.998000000000000220e-01
5.465999999999999748e-01
5.534999999999999920e-01
5.333999999999999853e-01
6.257000000000000339e-01
5.991999999999999549e-01
6.343999999999999639e-01
5.679999999999999494e-01
6.947999999999999732e-01
6.219999999999999973e-01
