1.000000000000000056e-01
1.083999999999999964e-01
9.589999999999999913e-02
2.104000000000000037e-01
2.407999999999999863e-01
2.810000000000000275e-01
1.413999999999999979e-01
2.664000000000000257e-01
2.983999999999999986e-01
3.250000000000000111e-01
4.918000000000000149e-01
4.887000000000000233e-01
3.226999999999999869e-01
4.829999999999999849e-01
4.273000000000000131e-01
4.249999999999999889e-01
4.092999999999999972e-01
5.086000000000000520e-01
4.920999999999999819e-01
6.683999999999999941e-01
6.532000000000000028e-01
