1.000000000000000056e-01
9.969999999999999696e-02
1.806999999999999995e-01
2.018000000000000071e-01
2.452999999999999903e-01
1.202000000000000013e-01
2.441000000000000114e-01
3.257999999999999785e-01
3.822999999999999732e-01
2.263000000000000012e-01
5.756000000000000005e-01
4.813000000000000056e-01
5.461000000000000298e-01
2.467999999999999916e-01
3.226999999999999869e-01
5.179000000000000270e-01
4.591000000000000081e-01
5.289000000000000368e-01
5.262999999999999901e-01
4.778000000000000025e-01
4.847000000000000197e-01
