1.000000000000000056e-01
1.203999999999999931e-01
1.275999999999999912e-01
1.400000000000000133e-01
2.101999999999999980e-01
2.958999999999999964e-01
3.785999999999999921e-01
4.183000000000000052e-01
4.476999999999999869e-01
4.818999999999999950e-01
4.716000000000000192e-01
5.006000000000000449e-01
4.637999999999999901e-01
5.086000000000000520e-01
5.070000000000000062e-01
5.243999999999999773e-01
5.451000000000000290e-01
5.695999999999999952e-01
5.460000000000000409e-01
5.719999999999999529e-01
5.904000000000000359e-01
