1.000000000000000056e-01
1.015000000000000069e-01
9.579999999999999627e-02
2.726999999999999980e-01
2.581999999999999851e-01
2.795000000000000262e-01
2.056999999999999940e-01
1.698000000000000065e-01
2.011000000000000010e-01
3.931000000000000050e-01
4.274999999999999911e-01
4.845999999999999752e-01
2.459999999999999964e-01
4.620000000000000218e-01
3.411000000000000143e-01
4.746000000000000218e-01
4.763999999999999901e-01
5.299000000000000377e-01
5.294999999999999707e-01
6.559000000000000385e-01
6.652000000000000135e-01
