1.000000000000000056e-01
1.032000000000000001e-01
2.383000000000000118e-01
9.819999999999999563e-02
1.967000000000000137e-01
1.048000000000000043e-01
2.529000000000000137e-01
2.492000000000000048e-01
3.870000000000000107e-01
3.546000000000000263e-01
3.781999999999999806e-01
4.605000000000000204e-01
4.525000000000000133e-01
3.927999999999999825e-01
5.067000000000000393e-01
5.752000000000000446e-01
4.742000000000000104e-01
5.247000000000000552e-01
4.561999999999999944e-01
6.575999999999999623e-01
5.079000000000000181e-01
