1.000000000000000056e-01
1.870999999999999885e-01
2.331999999999999906e-01
2.798999999999999821e-01
4.447999999999999732e-01
4.964000000000000079e-01
5.970999999999999641e-01
6.549000000000000377e-01
6.671000000000000263e-01
7.022000000000000464e-01
7.199999999999999734e-01
7.601999999999999869e-01
7.743999999999999773e-01
7.803999999999999826e-01
7.884999999999999787e-01
8.024999999999999911e-01
8.066999999999999726e-01
8.171000000000000485e-01
8.203000000000000291e-01
8.178999999999999604e-01
8.065999999999999837e-01
