1.000000000000000056e-01
1.849000000000000088e-01
3.336000000000000076e-01
3.845000000000000084e-01
5.364999999999999769e-01
5.473000000000000087e-01
5.788999999999999702e-01
6.269000000000000128e-01
6.895999999999999908e-01
6.998999999999999666e-01
7.002000000000000446e-01
7.198999999999999844e-01
7.580999999999999961e-01
7.679000000000000270e-01
7.775999999999999579e-01
7.977999999999999536e-01
8.103000000000000203e-01
8.101000000000000423e-01
8.259999999999999565e-01
8.156999999999999806e-01
8.276000000000000023e-01
