1.000000000000000056e-01
2.122999999999999887e-01
4.141000000000000236e-01
5.828999999999999737e-01
5.924000000000000377e-01
7.191999999999999504e-01
7.610999999999999988e-01
7.775999999999999579e-01
8.018999999999999462e-01
8.162000000000000366e-01
8.217999999999999750e-01
8.376000000000000112e-01
8.415000000000000258e-01
8.488999999999999879e-01
8.598000000000000087e-01
8.640999999999999792e-01
8.618999999999999995e-01
8.685000000000000497e-01
8.725000000000000533e-01
8.801999999999999824e-01
8.841999999999999860e-01
