1.000000000000000056e-01
1.393999999999999961e-01
1.650999999999999968e-01
1.416000000000000036e-01
2.023999999999999966e-01
2.780000000000000249e-01
2.781000000000000139e-01
2.690000000000000169e-01
3.688000000000000167e-01
3.266000000000000014e-01
1.923999999999999877e-01
4.527999999999999803e-01
4.386999999999999789e-01
4.601999999999999980e-01
5.695000000000000062e-01
5.340000000000000302e-01
5.363999999999999879e-01
5.675000000000000044e-01
5.614000000000000101e-01
4.999000000000000110e-01
5.511000000000000343e-01
