1.000000000000000056e-01
1.107000000000000067e-01
1.947000000000000119e-01
1.766999999999999960e-01
2.424999999999999933e-01
2.602999999999999758e-01
3.057000000000000273e-01
3.816999999999999837e-01
4.218000000000000083e-01
4.827000000000000179e-01
5.295999999999999597e-01
5.410000000000000364e-01
5.813000000000000389e-01
5.807999999999999829e-01
6.411999999999999922e-01
6.494999999999999662e-01
6.548000000000000487e-01
6.508000000000000451e-01
6.797999999999999599e-01
6.785999999999999810e-01
7.003000000000000336e-01
