1.000000000000000056e-01
2.076999999999999957e-01
1.009000000000000036e-01
4.001000000000000112e-01
3.145999999999999908e-01
2.856000000000000205e-01
4.707000000000000073e-01
4.983000000000000207e-01
4.451999999999999846e-01
4.334000000000000075e-01
6.258000000000000229e-01
5.422000000000000153e-01
5.836999999999999966e-01
5.513000000000000123e-01
5.673000000000000265e-01
6.453999999999999737e-01
5.568999999999999506e-01
6.562000000000000055e-01
5.485999999999999766e-01
6.058999999999999941e-01
6.350999999999999979e-01
