1.000000000000000056e-01
2.048000000000000098e-01
3.171999999999999820e-01
5.543000000000000149e-01
6.675999999999999712e-01
7.383999999999999453e-01
7.766999999999999460e-01
8.027999999999999581e-01
8.192000000000000393e-01
8.185000000000000053e-01
8.527000000000000135e-01
8.548000000000000043e-01
8.666000000000000369e-01
8.688000000000000167e-01
8.727000000000000313e-01
8.757000000000000339e-01
8.830000000000000071e-01
8.820000000000000062e-01
8.832999999999999741e-01
8.879000000000000226e-01
8.881000000000000005e-01
