1.000000000000000056e-01
1.507999999999999896e-01
2.550000000000000044e-01
3.139000000000000123e-01
3.978999999999999759e-01
4.825999999999999734e-01
5.600000000000000533e-01
5.745999999999999996e-01
6.320000000000000062e-01
6.028999999999999915e-01
5.956000000000000183e-01
6.360000000000000098e-01
6.692000000000000171e-01
6.735999999999999766e-01
6.817999999999999616e-01
7.026999999999999913e-01
7.078999999999999737e-01
7.173000000000000487e-01
7.377000000000000224e-01
7.330999999999999739e-01
7.617000000000000437e-01
