1.000000000000000056e-01
2.323000000000000065e-01
4.653999999999999804e-01
5.794000000000000261e-01
6.021999999999999575e-01
7.034000000000000252e-01
7.217999999999999972e-01
7.520999999999999908e-01
7.883999999999999897e-01
8.061000000000000387e-01
8.110000000000000542e-01
8.195000000000000062e-01
8.307999999999999829e-01
8.335000000000000187e-01
8.403000000000000469e-01
8.511999999999999567e-01
8.562999999999999501e-01
8.620999999999999774e-01
8.629000000000000004e-01
8.682999999999999607e-01
8.678000000000000158e-01
