1.000000000000000056e-01
1.032000000000000001e-01
2.461000000000000132e-01
9.819999999999999563e-02
1.928999999999999881e-01
9.740000000000000047e-02
2.232999999999999985e-01
2.331999999999999906e-01
3.836999999999999855e-01
3.120999999999999885e-01
3.599999999999999867e-01
4.410000000000000031e-01
3.897999999999999798e-01
3.961999999999999966e-01
4.878000000000000114e-01
5.340000000000000302e-01
4.099999999999999756e-01
4.973000000000000198e-01
4.389000000000000123e-01
6.116000000000000325e-01
4.736000000000000210e-01
