1.000000000000000056e-01
6.717999999999999527e-01
7.868000000000000549e-01
8.548000000000000043e-01
8.806000000000000494e-01
8.943999999999999728e-01
9.054999999999999716e-01
9.102999999999999980e-01
9.112000000000000099e-01
9.144999999999999796e-01
9.154999999999999805e-01
9.184999999999999831e-01
9.193000000000000060e-01
9.205999999999999739e-01
9.222000000000000197e-01
9.233000000000000096e-01
9.250000000000000444e-01
9.258999999999999453e-01
9.266999999999999682e-01
9.284999999999999920e-01
9.278999999999999471e-01
