1.000000000000000056e-01
2.180999999999999883e-01
1.047000000000000014e-01
5.150000000000000133e-01
3.973999999999999755e-01
3.716999999999999749e-01
5.062999999999999723e-01
5.375999999999999668e-01
5.159000000000000252e-01
5.639999999999999458e-01
6.701000000000000290e-01
5.961999999999999522e-01
6.051999999999999602e-01
6.022999999999999465e-01
5.946000000000000174e-01
6.813000000000000167e-01
6.035000000000000364e-01
6.796999999999999709e-01
5.798999999999999710e-01
6.387000000000000455e-01
6.768999999999999462e-01
