1.000000000000000056e-01
1.940999999999999948e-01
1.642000000000000126e-01
2.882000000000000117e-01
3.852999999999999758e-01
4.285999999999999810e-01
3.724000000000000088e-01
4.828999999999999959e-01
5.842000000000000526e-01
6.293999999999999595e-01
5.819999999999999618e-01
6.209000000000000075e-01
6.065000000000000391e-01
6.592999999999999972e-01
7.298000000000000043e-01
7.485000000000000542e-01
7.594999999999999529e-01
7.567000000000000393e-01
7.559000000000000163e-01
6.836999999999999744e-01
7.199999999999999734e-01
