1.000000000000000056e-01
1.930000000000000049e-01
1.743000000000000105e-01
2.422999999999999876e-01
3.453999999999999848e-01
4.013999999999999790e-01
3.513000000000000012e-01
4.445999999999999952e-01
5.195999999999999508e-01
5.770999999999999464e-01
4.857000000000000206e-01
5.594999999999999973e-01
5.695999999999999952e-01
6.193999999999999506e-01
6.733000000000000096e-01
7.008999999999999675e-01
7.084000000000000297e-01
6.897999999999999687e-01
7.112000000000000544e-01
6.004000000000000448e-01
6.618000000000000549e-01
