1.000000000000000056e-01
1.877000000000000057e-01
4.259000000000000008e-01
4.898000000000000131e-01
6.408000000000000362e-01
6.142999999999999572e-01
6.780000000000000471e-01
7.156000000000000139e-01
7.250999999999999668e-01
7.530000000000000027e-01
7.670000000000000151e-01
7.845999999999999641e-01
8.124000000000000110e-01
8.139999999999999458e-01
8.313000000000000389e-01
8.309999999999999609e-01
8.420999999999999597e-01
8.525000000000000355e-01
8.604000000000000536e-01
8.585000000000000409e-01
8.636000000000000343e-01
