1.000000000000000056e-01
1.032000000000000001e-01
3.403999999999999804e-01
1.799999999999999933e-01
4.138999999999999901e-01
2.698999999999999733e-01
4.428000000000000269e-01
4.880999999999999783e-01
4.944000000000000061e-01
4.994999999999999996e-01
5.850999999999999535e-01
6.094000000000000528e-01
6.249000000000000110e-01
5.049000000000000155e-01
5.644000000000000128e-01
6.731000000000000316e-01
5.548999999999999488e-01
6.294999999999999485e-01
5.207000000000000517e-01
7.191999999999999504e-01
5.577999999999999625e-01
