1.000000000000000056e-01
1.963000000000000023e-01
1.970000000000000084e-01
2.805000000000000271e-01
3.368999999999999773e-01
4.068999999999999839e-01
3.528000000000000025e-01
3.639999999999999902e-01
5.581000000000000405e-01
6.227000000000000313e-01
4.203000000000000069e-01
5.814000000000000279e-01
5.273999999999999799e-01
5.947999999999999954e-01
6.375999999999999446e-01
6.605999999999999650e-01
6.911000000000000476e-01
7.236000000000000210e-01
5.739999999999999547e-01
5.975000000000000311e-01
5.929999999999999716e-01
