1.000000000000000056e-01
1.935999999999999943e-01
1.985000000000000098e-01
2.293000000000000038e-01
3.572000000000000175e-01
3.870000000000000107e-01
3.533999999999999919e-01
4.465999999999999970e-01
5.712000000000000410e-01
6.260999999999999899e-01
5.285999999999999588e-01
5.829999999999999627e-01
5.707999999999999741e-01
6.242999999999999661e-01
6.944000000000000172e-01
7.022000000000000464e-01
6.887999999999999678e-01
7.300999999999999712e-01
6.875999999999999890e-01
6.360000000000000098e-01
6.834000000000000075e-01
