1.000000000000000056e-01
1.279000000000000137e-01
1.663000000000000034e-01
3.318999999999999728e-01
4.369000000000000106e-01
4.838000000000000078e-01
5.632000000000000339e-01
5.997999999999999998e-01
6.197000000000000286e-01
6.149999999999999911e-01
6.603999999999999870e-01
7.036000000000000032e-01
7.145000000000000240e-01
7.583999999999999631e-01
7.580999999999999961e-01
7.798000000000000487e-01
7.815999999999999615e-01
8.136999999999999789e-01
8.032000000000000250e-01
8.181000000000000494e-01
8.285000000000000142e-01
