1.000000000000000056e-01
6.079999999999999849e-01
6.844999999999999973e-01
7.653999999999999693e-01
8.165999999999999925e-01
8.453000000000000513e-01
8.697000000000000286e-01
8.781999999999999806e-01
8.799000000000000155e-01
8.912999999999999812e-01
8.959000000000000297e-01
8.981000000000000094e-01
9.012000000000000011e-01
9.041000000000000147e-01
9.073999999999999844e-01
9.068000000000000504e-01
9.099000000000000421e-01
9.096999999999999531e-01
9.123999999999999888e-01
9.132000000000000117e-01
9.134999999999999787e-01
