1.000000000000000056e-01
2.202000000000000068e-01
1.009000000000000036e-01
5.201999999999999957e-01
3.266999999999999904e-01
3.670999999999999819e-01
4.875999999999999779e-01
5.299000000000000377e-01
4.834999999999999853e-01
5.877000000000000002e-01
6.657999999999999474e-01
5.738999999999999657e-01
5.999999999999999778e-01
6.190999999999999837e-01
5.973000000000000531e-01
6.483999999999999764e-01
6.574999999999999734e-01
6.543999999999999817e-01
5.889999999999999680e-01
7.100999999999999535e-01
6.676999999999999602e-01
