1.000000000000000056e-01
2.331999999999999906e-01
2.727999999999999869e-01
3.113000000000000211e-01
3.674000000000000044e-01
4.303000000000000158e-01
3.871999999999999886e-01
4.309999999999999942e-01
4.937000000000000277e-01
5.071999999999999842e-01
5.462000000000000188e-01
5.661000000000000476e-01
5.929999999999999716e-01
5.923000000000000487e-01
6.223999999999999533e-01
6.449000000000000288e-01
6.299000000000000155e-01
6.410000000000000142e-01
6.802000000000000268e-01
6.885999999999999899e-01
6.775999999999999801e-01
