1.000000000000000056e-01
1.529999999999999971e-01
1.910999999999999921e-01
1.920000000000000040e-01
2.373000000000000109e-01
2.584000000000000186e-01
2.737999999999999878e-01
2.761000000000000121e-01
2.847999999999999976e-01
2.975999999999999757e-01
4.182000000000000162e-01
5.123999999999999666e-01
5.523000000000000131e-01
5.991999999999999549e-01
6.218000000000000194e-01
6.676999999999999602e-01
6.631000000000000227e-01
6.891000000000000458e-01
6.811000000000000387e-01
6.937999999999999723e-01
7.247000000000000108e-01
