1.000000000000000056e-01
1.032000000000000001e-01
3.183000000000000274e-01
1.570999999999999897e-01
3.432999999999999940e-01
2.275999999999999968e-01
3.975000000000000200e-01
3.673000000000000154e-01
4.625000000000000222e-01
4.847000000000000197e-01
5.240000000000000213e-01
6.008999999999999897e-01
6.226000000000000423e-01
4.786000000000000254e-01
5.897999999999999909e-01
6.425999999999999490e-01
5.623000000000000220e-01
6.141999999999999682e-01
5.331000000000000183e-01
7.360999999999999766e-01
5.735999999999999988e-01
