1.000000000000000056e-01
1.461000000000000076e-01
1.821000000000000119e-01
2.606999999999999873e-01
1.993000000000000049e-01
3.321000000000000063e-01
3.178000000000000269e-01
3.598000000000000087e-01
4.450999999999999956e-01
4.447999999999999732e-01
3.045999999999999819e-01
5.177000000000000490e-01
5.101999999999999869e-01
5.618999999999999551e-01
6.422999999999999821e-01
6.971000000000000529e-01
6.987999999999999767e-01
7.075000000000000178e-01
7.050999999999999490e-01
6.253999999999999559e-01
6.704999999999999849e-01
