1.000000000000000056e-01
1.968999999999999917e-01
2.406000000000000083e-01
3.481000000000000205e-01
5.356999999999999540e-01
5.965000000000000302e-01
6.495999999999999552e-01
7.106000000000000094e-01
7.255000000000000338e-01
7.372999999999999554e-01
7.560999999999999943e-01
7.756999999999999451e-01
7.970000000000000417e-01
8.008999999999999453e-01
8.077999999999999625e-01
8.137999999999999678e-01
8.213000000000000300e-01
8.288999999999999702e-01
8.290999999999999481e-01
8.274000000000000243e-01
8.282000000000000473e-01
