1.000000000000000056e-01
2.318999999999999950e-01
1.010999999999999954e-01
5.243999999999999773e-01
3.770000000000000018e-01
3.769000000000000128e-01
4.882000000000000228e-01
5.508999999999999453e-01
5.087000000000000410e-01
5.806000000000000050e-01
6.641000000000000236e-01
5.782000000000000473e-01
5.887000000000000011e-01
5.990999999999999659e-01
5.833000000000000407e-01
7.008999999999999675e-01
5.852000000000000535e-01
6.608000000000000540e-01
5.416999999999999593e-01
6.304999999999999494e-01
6.677999999999999492e-01
