1.000000000000000056e-01
1.208000000000000046e-01
1.272999999999999965e-01
1.423999999999999988e-01
2.424999999999999933e-01
3.076999999999999735e-01
3.951000000000000068e-01
4.225999999999999757e-01
4.502999999999999781e-01
4.642999999999999905e-01
4.426999999999999824e-01
4.889000000000000012e-01
4.557999999999999829e-01
5.008000000000000229e-01
5.054999999999999494e-01
5.214999999999999636e-01
5.534999999999999920e-01
5.672000000000000375e-01
5.583000000000000185e-01
5.872000000000000552e-01
5.964000000000000412e-01
