1.000000000000000056e-01
1.623999999999999888e-01
1.009000000000000036e-01
3.778000000000000247e-01
2.018999999999999961e-01
1.756000000000000061e-01
4.078999999999999848e-01
4.984999999999999987e-01
3.967999999999999861e-01
4.733999999999999875e-01
5.806999999999999940e-01
5.240000000000000213e-01
5.597999999999999643e-01
5.638999999999999568e-01
5.365999999999999659e-01
6.193999999999999506e-01
6.132999999999999563e-01
6.515999999999999570e-01
5.876000000000000112e-01
7.072000000000000508e-01
6.364999999999999547e-01
