1.000000000000000056e-01
2.529000000000000137e-01
1.010999999999999954e-01
5.516999999999999682e-01
3.609999999999999876e-01
4.129999999999999782e-01
5.548999999999999488e-01
5.704000000000000181e-01
5.473999999999999977e-01
6.419000000000000261e-01
6.934000000000000163e-01
6.169999999999999929e-01
6.219999999999999973e-01
6.520000000000000240e-01
6.182999999999999607e-01
6.903000000000000247e-01
6.978999999999999648e-01
6.810000000000000497e-01
6.371999999999999886e-01
7.467000000000000304e-01
7.207000000000000073e-01
