1.000000000000000056e-01
1.032000000000000001e-01
4.279999999999999916e-01
1.761999999999999955e-01
3.704000000000000070e-01
2.766000000000000125e-01
4.647000000000000020e-01
4.973000000000000198e-01
4.773999999999999910e-01
4.395000000000000018e-01
5.043999999999999595e-01
5.701000000000000512e-01
5.665000000000000036e-01
5.037000000000000366e-01
5.615999999999999881e-01
7.004000000000000226e-01
5.675999999999999934e-01
6.022999999999999465e-01
4.832000000000000184e-01
6.519000000000000350e-01
5.048000000000000265e-01
