1.000000000000000056e-01
1.872000000000000053e-01
3.427999999999999936e-01
4.304999999999999938e-01
5.753000000000000336e-01
5.676999999999999824e-01
6.018000000000000016e-01
6.749000000000000554e-01
7.184000000000000385e-01
7.281999999999999584e-01
7.316000000000000281e-01
7.471999999999999753e-01
7.741999999999999993e-01
7.887999999999999456e-01
7.880000000000000338e-01
8.125000000000000000e-01
8.232000000000000428e-01
8.219999999999999529e-01
8.353000000000000425e-01
8.349999999999999645e-01
8.397000000000000020e-01
