1.000000000000000056e-01
1.032000000000000001e-01
4.149999999999999800e-01
2.046000000000000041e-01
4.247000000000000219e-01
2.698999999999999733e-01
5.148000000000000353e-01
5.242999999999999883e-01
5.218000000000000416e-01
5.354999999999999760e-01
6.249000000000000110e-01
6.737999999999999545e-01
6.792000000000000259e-01
5.833000000000000407e-01
6.240999999999999881e-01
6.714999999999999858e-01
6.055000000000000382e-01
6.309000000000000163e-01
5.591000000000000414e-01
7.670000000000000151e-01
6.147000000000000242e-01
