1.000000000000000056e-01
1.565000000000000002e-01
1.459999999999999909e-01
1.771999999999999964e-01
2.503000000000000225e-01
2.942000000000000171e-01
3.281999999999999917e-01
3.720999999999999863e-01
4.354000000000000092e-01
4.917000000000000259e-01
3.216999999999999860e-01
4.915999999999999814e-01
5.074999999999999512e-01
5.552000000000000268e-01
6.004000000000000448e-01
6.539000000000000368e-01
6.296000000000000485e-01
6.399000000000000243e-01
6.682000000000000162e-01
5.571000000000000396e-01
6.021999999999999575e-01
