1.000000000000000056e-01
1.829999999999999960e-01
2.396999999999999964e-01
3.800000000000000044e-01
3.437999999999999945e-01
2.426000000000000101e-01
5.550000000000000488e-01
5.610000000000000542e-01
6.216000000000000414e-01
6.189000000000000057e-01
7.268999999999999906e-01
7.186000000000000165e-01
7.694999999999999618e-01
5.076000000000000512e-01
6.925000000000000044e-01
7.278999999999999915e-01
6.771000000000000352e-01
7.540999999999999925e-01
7.106999999999999984e-01
6.915999999999999925e-01
6.785999999999999810e-01
