1.000000000000000056e-01
1.203000000000000042e-01
4.501999999999999891e-01
2.250000000000000056e-01
4.112999999999999989e-01
2.888000000000000012e-01
5.505999999999999783e-01
5.530000000000000471e-01
5.555999999999999828e-01
5.414999999999999813e-01
6.401999999999999913e-01
6.832000000000000295e-01
6.837999999999999634e-01
6.294999999999999485e-01
6.428000000000000380e-01
7.042000000000000481e-01
6.389000000000000234e-01
6.539000000000000368e-01
5.926000000000000156e-01
7.778000000000000469e-01
6.299000000000000155e-01
