1.000000000000000056e-01
1.723000000000000087e-01
1.998000000000000054e-01
2.407999999999999863e-01
2.567999999999999727e-01
3.835000000000000075e-01
4.490999999999999992e-01
4.739999999999999769e-01
5.215999999999999526e-01
5.515999999999999792e-01
5.898999999999999799e-01
5.857999999999999874e-01
5.934000000000000385e-01
6.048999999999999932e-01
5.838999999999999746e-01
5.866000000000000103e-01
5.739999999999999547e-01
6.155000000000000471e-01
6.210999999999999854e-01
6.605999999999999650e-01
6.743999999999999995e-01
