1.000000000000000056e-01
1.348999999999999921e-01
3.129000000000000115e-01
5.534999999999999920e-01
5.430000000000000382e-01
6.108999999999999986e-01
6.855999999999999872e-01
6.770000000000000462e-01
6.926999999999999824e-01
7.344000000000000528e-01
7.356000000000000316e-01
7.641000000000000014e-01
7.890000000000000346e-01
8.004999999999999893e-01
8.161000000000000476e-01
8.209999999999999520e-01
8.245999999999999996e-01
8.235000000000000098e-01
8.226999999999999869e-01
8.455000000000000293e-01
8.536000000000000254e-01
