1.000000000000000056e-01
9.009999999999999953e-02
1.436999999999999944e-01
3.481000000000000205e-01
3.144000000000000128e-01
2.998000000000000109e-01
3.911000000000000032e-01
2.773999999999999799e-01
4.652999999999999914e-01
4.927000000000000268e-01
5.931999999999999496e-01
5.664000000000000146e-01
3.991999999999999993e-01
5.774000000000000243e-01
5.507999999999999563e-01
5.877999999999999892e-01
5.021999999999999797e-01
5.891999999999999460e-01
5.785000000000000142e-01
6.341999999999999860e-01
6.346000000000000529e-01
