1.000000000000000056e-01
1.257999999999999952e-01
1.358999999999999930e-01
1.499999999999999944e-01
1.789000000000000035e-01
2.813999999999999835e-01
2.677999999999999825e-01
2.753999999999999782e-01
3.684999999999999942e-01
3.104000000000000092e-01
1.716999999999999915e-01
4.600000000000000200e-01
4.521999999999999909e-01
4.345999999999999863e-01
5.653000000000000247e-01
5.135999999999999455e-01
5.759999999999999565e-01
5.917000000000000037e-01
5.571000000000000396e-01
5.050000000000000044e-01
5.520000000000000462e-01
