1.000000000000000056e-01
2.154999999999999971e-01
2.482999999999999929e-01
3.906000000000000028e-01
3.516000000000000236e-01
2.469999999999999973e-01
5.632000000000000339e-01
5.658999999999999586e-01
6.348000000000000309e-01
6.388000000000000345e-01
7.335000000000000409e-01
7.113000000000000433e-01
7.758000000000000451e-01
5.222999999999999865e-01
6.931000000000000494e-01
7.266000000000000236e-01
6.653000000000000025e-01
7.558000000000000274e-01
7.165000000000000258e-01
6.935999999999999943e-01
6.888999999999999568e-01
