1.000000000000000056e-01
1.481999999999999984e-01
1.839000000000000079e-01
1.403000000000000080e-01
2.157000000000000028e-01
2.713999999999999746e-01
2.802000000000000046e-01
2.795000000000000262e-01
3.537000000000000144e-01
3.517000000000000126e-01
1.899000000000000132e-01
4.531999999999999917e-01
4.319000000000000061e-01
4.773000000000000020e-01
5.668999999999999595e-01
5.324999999999999734e-01
5.252000000000000002e-01
5.486999999999999655e-01
5.385999999999999677e-01
4.948000000000000176e-01
5.400000000000000355e-01
