1.000000000000000056e-01
1.698999999999999955e-01
2.033000000000000085e-01
2.495999999999999885e-01
2.773999999999999799e-01
3.975000000000000200e-01
4.314999999999999947e-01
4.793000000000000038e-01
5.193999999999999728e-01
5.606999999999999762e-01
6.021999999999999575e-01
5.965000000000000302e-01
6.017000000000000126e-01
6.075000000000000400e-01
5.820999999999999508e-01
5.794000000000000261e-01
5.697999999999999732e-01
5.979999999999999760e-01
6.097000000000000197e-01
6.413999999999999702e-01
6.675999999999999712e-01
