1.000000000000000056e-01
1.917000000000000093e-01
3.543999999999999928e-01
4.853000000000000091e-01
6.116000000000000325e-01
6.589000000000000412e-01
7.226000000000000201e-01
7.756999999999999451e-01
8.087999999999999634e-01
8.114000000000000101e-01
8.184000000000000163e-01
8.352000000000000535e-01
8.558999999999999941e-01
8.647000000000000242e-01
8.692999999999999616e-01
8.659000000000000030e-01
8.831999999999999851e-01
8.853999999999999648e-01
8.861999999999999877e-01
8.857000000000000428e-01
8.883999999999999675e-01
