1.000000000000000056e-01
1.721000000000000030e-01
1.759999999999999898e-01
2.434999999999999942e-01
2.479000000000000092e-01
2.992000000000000215e-01
3.104999999999999982e-01
3.592000000000000193e-01
4.435999999999999943e-01
5.170000000000000151e-01
3.514999999999999791e-01
5.084999999999999520e-01
5.108000000000000318e-01
5.777999999999999803e-01
6.104000000000000536e-01
6.635999999999999677e-01
6.653000000000000025e-01
6.674999999999999822e-01
6.840000000000000524e-01
6.070999999999999730e-01
6.381000000000000005e-01
