1.000000000000000056e-01
1.635999999999999954e-01
3.563999999999999946e-01
4.722999999999999976e-01
5.762000000000000455e-01
5.421000000000000263e-01
6.330000000000000071e-01
6.711000000000000298e-01
6.801000000000000378e-01
7.100999999999999535e-01
7.428000000000000158e-01
7.550999999999999934e-01
7.729000000000000314e-01
7.848000000000000531e-01
8.051000000000000378e-01
8.064999999999999947e-01
8.166999999999999815e-01
8.364000000000000323e-01
8.444000000000000394e-01
8.457000000000000073e-01
8.437999999999999945e-01
