1.000000000000000056e-01
1.938000000000000000e-01
1.663999999999999924e-01
2.994999999999999885e-01
3.804000000000000159e-01
4.314999999999999947e-01
3.653000000000000136e-01
4.754999999999999782e-01
5.631000000000000449e-01
6.356000000000000538e-01
5.743000000000000327e-01
6.230999999999999872e-01
6.060999999999999721e-01
6.552999999999999936e-01
7.316000000000000281e-01
7.358999999999999986e-01
7.623999999999999666e-01
7.428000000000000158e-01
7.665999999999999481e-01
6.746999999999999664e-01
7.197000000000000064e-01
