1.000000000000000056e-01
1.029999999999999943e-01
9.579999999999999627e-02
2.530000000000000027e-01
2.726000000000000090e-01
2.793999999999999817e-01
2.031000000000000028e-01
1.731999999999999929e-01
1.993999999999999939e-01
3.968999999999999750e-01
4.455000000000000071e-01
4.941999999999999726e-01
2.495999999999999885e-01
4.667999999999999927e-01
3.397000000000000020e-01
4.857000000000000206e-01
4.762000000000000122e-01
5.300000000000000266e-01
5.290000000000000258e-01
6.644999999999999796e-01
6.655999999999999694e-01
