1.000000000000000056e-01
8.920000000000000151e-02
1.698999999999999955e-01
4.067999999999999949e-01
3.014999999999999902e-01
3.655999999999999805e-01
4.144999999999999796e-01
2.442999999999999894e-01
4.702000000000000068e-01
5.163999999999999702e-01
5.481000000000000316e-01
5.396999999999999575e-01
3.421000000000000152e-01
5.516999999999999682e-01
5.173999999999999710e-01
4.960999999999999854e-01
4.420999999999999930e-01
5.507999999999999563e-01
4.284999999999999920e-01
6.217000000000000304e-01
5.807999999999999829e-01
