1.000000000000000056e-01
1.032000000000000001e-01
2.212000000000000077e-01
9.840000000000000135e-02
2.772000000000000020e-01
9.579999999999999627e-02
2.346999999999999920e-01
2.671000000000000041e-01
3.805000000000000049e-01
3.615999999999999770e-01
3.109999999999999987e-01
4.950999999999999845e-01
4.127000000000000113e-01
4.447999999999999732e-01
5.582000000000000295e-01
5.818999999999999728e-01
4.824999999999999845e-01
5.042999999999999705e-01
4.773999999999999910e-01
6.400000000000000133e-01
5.728999999999999648e-01
