1.000000000000000056e-01
8.939999999999999336e-02
1.332000000000000128e-01
3.730999999999999872e-01
4.133999999999999897e-01
4.057999999999999940e-01
4.257000000000000228e-01
3.365000000000000213e-01
4.985999999999999877e-01
5.302999999999999936e-01
6.565999999999999615e-01
6.042999999999999483e-01
4.844999999999999862e-01
6.038999999999999924e-01
6.195000000000000506e-01
6.173999999999999488e-01
6.300000000000000044e-01
6.891000000000000458e-01
6.894000000000000128e-01
7.381999999999999673e-01
7.597000000000000419e-01
