1.000000000000000056e-01
1.932999999999999996e-01
1.633000000000000007e-01
2.358000000000000096e-01
3.534999999999999809e-01
3.880000000000000115e-01
3.519999999999999796e-01
4.494000000000000217e-01
5.320000000000000284e-01
5.790999999999999481e-01
4.847000000000000197e-01
5.614999999999999991e-01
5.762000000000000455e-01
6.236000000000000432e-01
6.788999999999999480e-01
7.085000000000000187e-01
7.109999999999999654e-01
7.016000000000000014e-01
7.133000000000000451e-01
6.135000000000000453e-01
6.685999999999999721e-01
