1.000000000000000056e-01
2.665000000000000147e-01
3.542000000000000148e-01
4.941999999999999726e-01
4.555000000000000160e-01
5.877000000000000002e-01
5.523000000000000131e-01
6.147000000000000242e-01
6.389000000000000234e-01
6.856999999999999762e-01
7.090999999999999526e-01
7.282999999999999474e-01
7.546000000000000485e-01
7.463999999999999524e-01
7.717000000000000526e-01
7.883000000000000007e-01
7.871000000000000218e-01
7.941000000000000281e-01
8.097999999999999643e-01
8.213000000000000300e-01
8.105999999999999872e-01
