1.000000000000000056e-01
9.909999999999999365e-02
2.197000000000000064e-01
2.412999999999999867e-01
2.664000000000000257e-01
1.862999999999999934e-01
2.662999999999999812e-01
3.724000000000000088e-01
4.641000000000000125e-01
5.018000000000000238e-01
6.460000000000000187e-01
6.261999999999999789e-01
6.995999999999999996e-01
4.152000000000000135e-01
6.029999999999999805e-01
6.545999999999999597e-01
5.622000000000000330e-01
6.758999999999999453e-01
6.514999999999999680e-01
6.343999999999999639e-01
6.593999999999999861e-01
