1.000000000000000056e-01
1.400000000000000133e-01
1.009000000000000036e-01
2.901000000000000245e-01
1.413999999999999979e-01
1.194999999999999951e-01
3.373999999999999777e-01
3.341999999999999971e-01
3.185000000000000053e-01
2.182000000000000051e-01
4.556999999999999940e-01
3.267999999999999794e-01
4.652000000000000024e-01
4.280999999999999805e-01
4.585000000000000187e-01
5.183999999999999719e-01
4.910999999999999810e-01
5.272999999999999909e-01
4.733999999999999875e-01
5.806000000000000050e-01
4.938000000000000167e-01
