1.000000000000000056e-01
1.270000000000000018e-01
2.064000000000000001e-01
3.704000000000000070e-01
3.483999999999999875e-01
2.162000000000000033e-01
5.543000000000000149e-01
5.547999999999999599e-01
5.895000000000000240e-01
6.504999999999999671e-01
7.080999999999999517e-01
6.912000000000000366e-01
7.649000000000000243e-01
4.843999999999999972e-01
5.990999999999999659e-01
6.367000000000000437e-01
5.987000000000000099e-01
7.015000000000000124e-01
6.478000000000000425e-01
6.179000000000000048e-01
6.423999999999999710e-01
