1.000000000000000056e-01
1.380000000000000115e-01
3.084999999999999964e-01
4.885999999999999788e-01
4.879999999999999893e-01
5.795000000000000151e-01
6.441000000000000059e-01
6.382999999999999785e-01
6.583999999999999853e-01
6.895999999999999908e-01
7.259999999999999787e-01
7.527000000000000357e-01
7.698000000000000398e-01
7.769000000000000350e-01
7.832999999999999963e-01
7.941000000000000281e-01
8.143000000000000238e-01
8.197999999999999732e-01
8.185000000000000053e-01
8.305000000000000160e-01
8.397999999999999909e-01
