1.000000000000000056e-01
2.323000000000000065e-01
4.652000000000000024e-01
5.725999999999999979e-01
6.157000000000000250e-01
7.190999999999999615e-01
7.383999999999999453e-01
7.692999999999999838e-01
8.107999999999999652e-01
8.274000000000000243e-01
8.305000000000000160e-01
8.486000000000000210e-01
8.505000000000000338e-01
8.575000000000000400e-01
8.628000000000000114e-01
8.710999999999999854e-01
8.782999999999999696e-01
8.820999999999999952e-01
8.856000000000000538e-01
8.874999999999999556e-01
8.862999999999999767e-01
