1.000000000000000056e-01
1.464999999999999913e-01
3.159000000000000141e-01
4.858000000000000096e-01
4.803000000000000047e-01
5.756000000000000005e-01
6.381999999999999895e-01
6.288000000000000256e-01
6.556999999999999496e-01
6.875999999999999890e-01
7.244000000000000439e-01
7.567000000000000393e-01
7.703999999999999737e-01
7.811000000000000165e-01
7.841000000000000192e-01
7.950000000000000400e-01
8.166999999999999815e-01
8.204000000000000181e-01
8.185999999999999943e-01
8.315000000000000169e-01
8.421999999999999487e-01
