1.000000000000000056e-01
1.243999999999999967e-01
1.398000000000000076e-01
2.416000000000000092e-01
3.673000000000000154e-01
4.117999999999999994e-01
4.622999999999999887e-01
4.732000000000000095e-01
5.079000000000000181e-01
4.908000000000000140e-01
4.927000000000000268e-01
5.463999999999999968e-01
5.481000000000000316e-01
6.096000000000000307e-01
6.096000000000000307e-01
6.465999999999999526e-01
6.662000000000000144e-01
6.954000000000000181e-01
6.989999999999999547e-01
7.224000000000000421e-01
7.312999999999999501e-01
