1.000000000000000056e-01
8.830999999999999961e-01
9.304999999999999938e-01
9.463000000000000300e-01
9.535000000000000142e-01
9.587999999999999856e-01
9.624000000000000332e-01
9.656000000000000139e-01
9.670999999999999597e-01
9.706000000000000183e-01
9.718999999999999861e-01
9.719999999999999751e-01
9.747999999999999998e-01
9.748999999999999888e-01
9.758000000000000007e-01
9.757000000000000117e-01
9.768000000000000016e-01
9.778999999999999915e-01
9.784000000000000474e-01
9.786000000000000254e-01
9.796000000000000263e-01
