1.000000000000000056e-01
8.555000000000000382e-01
9.266999999999999682e-01
9.467999999999999750e-01
9.552000000000000490e-01
9.586000000000000076e-01
9.637999999999999901e-01
9.657000000000000028e-01
9.703000000000000513e-01
9.717000000000000082e-01
9.717000000000000082e-01
9.738999999999999879e-01
9.729999999999999760e-01
9.749999999999999778e-01
9.757000000000000117e-01
9.771999999999999575e-01
9.771999999999999575e-01
9.768000000000000016e-01
9.785000000000000364e-01
9.796000000000000263e-01
9.798000000000000043e-01
