1.000000000000000056e-01
2.727999999999999869e-01
2.134999999999999953e-01
4.637000000000000011e-01
5.256999999999999451e-01
5.933000000000000496e-01
6.322999999999999732e-01
6.633999999999999897e-01
8.516000000000000236e-01
8.509999999999999787e-01
8.753999999999999559e-01
8.730999999999999872e-01
8.149999999999999467e-01
8.608000000000000096e-01
9.355999999999999872e-01
9.357999999999999652e-01
9.333000000000000185e-01
9.421000000000000485e-01
9.394000000000000128e-01
9.115999999999999659e-01
9.121000000000000218e-01
