1.000000000000000056e-01
3.405000000000000249e-01
4.096000000000000196e-01
4.685000000000000275e-01
5.933000000000000496e-01
5.410000000000000364e-01
7.113000000000000433e-01
8.148999999999999577e-01
8.405000000000000249e-01
8.429999999999999716e-01
8.873999999999999666e-01
8.973999999999999755e-01
9.463000000000000300e-01
8.778000000000000247e-01
9.316999999999999726e-01
8.870000000000000107e-01
8.987000000000000544e-01
9.196999999999999620e-01
9.163999999999999924e-01
8.922999999999999821e-01
9.122999999999999998e-01
