1.000000000000000056e-01
3.179000000000000159e-01
5.218000000000000416e-01
4.366999999999999771e-01
6.002999999999999448e-01
5.359000000000000430e-01
7.432999999999999607e-01
7.932000000000000162e-01
7.966999999999999638e-01
7.188999999999999835e-01
8.023000000000000131e-01
8.937000000000000499e-01
8.753999999999999559e-01
8.034999999999999920e-01
8.406000000000000139e-01
8.596000000000000307e-01
8.389999999999999680e-01
8.881000000000000005e-01
7.947999999999999510e-01
8.860000000000000098e-01
8.372000000000000552e-01
