1.000000000000000056e-01
1.032000000000000001e-01
3.069000000000000061e-01
5.632000000000000339e-01
7.260999999999999677e-01
4.717999999999999972e-01
7.227999999999999980e-01
8.141000000000000458e-01
8.504000000000000448e-01
8.268999999999999684e-01
9.059000000000000385e-01
8.655000000000000471e-01
8.880000000000000115e-01
8.901999999999999913e-01
8.971999999999999975e-01
8.932999999999999829e-01
8.912999999999999812e-01
9.183999999999999941e-01
9.388999999999999568e-01
9.344000000000000083e-01
9.116999999999999549e-01
