1.000000000000000056e-01
1.451999999999999957e-01
3.472999999999999976e-01
6.390000000000000124e-01
6.945999999999999952e-01
6.687999999999999501e-01
7.189999999999999725e-01
6.796999999999999709e-01
7.949000000000000510e-01
8.600999999999999757e-01
8.688000000000000167e-01
8.373000000000000442e-01
8.145000000000000018e-01
8.538000000000000034e-01
8.915999999999999481e-01
8.497000000000000108e-01
9.043999999999999817e-01
9.159000000000000474e-01
9.173000000000000043e-01
9.516000000000000014e-01
9.322000000000000286e-01
